v2	V(vbb)	V(vcc)	I(I1)	I(V2)	Ib(Q1)	Ic(Q1)	Ie(Q1)
-4.000000000000000e+00	-6.608585e-01	-4.000000e+00	-1.800000e-05	3.886192e-03	-1.800000e-05	-3.886192e-03	3.904192e-03
-3.990000000000000e+00	-6.608584e-01	-3.990000e+00	-1.800000e-05	3.885710e-03	-1.800000e-05	-3.885710e-03	3.903710e-03
-3.980000000000000e+00	-6.608583e-01	-3.980000e+00	-1.800000e-05	3.885227e-03	-1.800000e-05	-3.885227e-03	3.903227e-03
-3.970000000000001e+00	-6.608582e-01	-3.970000e+00	-1.800000e-05	3.884745e-03	-1.800000e-05	-3.884745e-03	3.902745e-03
-3.960000000000001e+00	-6.608581e-01	-3.960000e+00	-1.800000e-05	3.884263e-03	-1.800000e-05	-3.884263e-03	3.902263e-03
-3.950000000000001e+00	-6.608580e-01	-3.950000e+00	-1.800000e-05	3.883780e-03	-1.800000e-05	-3.883780e-03	3.901780e-03
-3.940000000000001e+00	-6.608579e-01	-3.940000e+00	-1.800000e-05	3.883298e-03	-1.800000e-05	-3.883298e-03	3.901298e-03
-3.930000000000001e+00	-6.608578e-01	-3.930000e+00	-1.800000e-05	3.882816e-03	-1.800000e-05	-3.882816e-03	3.900815e-03
-3.920000000000002e+00	-6.608577e-01	-3.920000e+00	-1.800000e-05	3.882333e-03	-1.800000e-05	-3.882333e-03	3.900333e-03
-3.910000000000002e+00	-6.608576e-01	-3.910000e+00	-1.800000e-05	3.881851e-03	-1.800000e-05	-3.881851e-03	3.899851e-03
-3.900000000000002e+00	-6.608575e-01	-3.900000e+00	-1.800000e-05	3.881369e-03	-1.800000e-05	-3.881369e-03	3.899368e-03
-3.890000000000002e+00	-6.608574e-01	-3.890000e+00	-1.800000e-05	3.880886e-03	-1.800000e-05	-3.880886e-03	3.898886e-03
-3.880000000000003e+00	-6.608573e-01	-3.880000e+00	-1.800000e-05	3.880404e-03	-1.800000e-05	-3.880404e-03	3.898404e-03
-3.870000000000003e+00	-6.608572e-01	-3.870000e+00	-1.800000e-05	3.879922e-03	-1.800000e-05	-3.879922e-03	3.897921e-03
-3.860000000000003e+00	-6.608571e-01	-3.860000e+00	-1.800000e-05	3.879439e-03	-1.800000e-05	-3.879439e-03	3.897439e-03
-3.850000000000003e+00	-6.608570e-01	-3.850000e+00	-1.800000e-05	3.878957e-03	-1.800000e-05	-3.878957e-03	3.896957e-03
-3.840000000000003e+00	-6.608569e-01	-3.840000e+00	-1.800000e-05	3.878474e-03	-1.800000e-05	-3.878474e-03	3.896474e-03
-3.830000000000004e+00	-6.608568e-01	-3.830000e+00	-1.800000e-05	3.877992e-03	-1.800000e-05	-3.877992e-03	3.895992e-03
-3.820000000000004e+00	-6.608567e-01	-3.820000e+00	-1.800000e-05	3.877510e-03	-1.800000e-05	-3.877510e-03	3.895510e-03
-3.810000000000004e+00	-6.608567e-01	-3.810000e+00	-1.800000e-05	3.877027e-03	-1.800000e-05	-3.877027e-03	3.895027e-03
-3.800000000000004e+00	-6.608565e-01	-3.800000e+00	-1.800000e-05	3.876545e-03	-1.800000e-05	-3.876545e-03	3.894545e-03
-3.790000000000004e+00	-6.608564e-01	-3.790000e+00	-1.800000e-05	3.876063e-03	-1.800000e-05	-3.876063e-03	3.894062e-03
-3.780000000000005e+00	-6.608564e-01	-3.780000e+00	-1.800000e-05	3.875580e-03	-1.800000e-05	-3.875580e-03	3.893580e-03
-3.770000000000005e+00	-6.608562e-01	-3.770000e+00	-1.800000e-05	3.875098e-03	-1.800000e-05	-3.875098e-03	3.893098e-03
-3.760000000000005e+00	-6.608561e-01	-3.760000e+00	-1.800000e-05	3.874616e-03	-1.800000e-05	-3.874616e-03	3.892615e-03
-3.750000000000005e+00	-6.608561e-01	-3.750000e+00	-1.800000e-05	3.874133e-03	-1.800000e-05	-3.874133e-03	3.892133e-03
-3.740000000000006e+00	-6.608559e-01	-3.740000e+00	-1.800000e-05	3.873651e-03	-1.800000e-05	-3.873651e-03	3.891651e-03
-3.730000000000006e+00	-6.608559e-01	-3.730000e+00	-1.800000e-05	3.873168e-03	-1.800000e-05	-3.873168e-03	3.891168e-03
-3.720000000000006e+00	-6.608558e-01	-3.720000e+00	-1.800000e-05	3.872686e-03	-1.800000e-05	-3.872686e-03	3.890686e-03
-3.710000000000006e+00	-6.608557e-01	-3.710000e+00	-1.800000e-05	3.872204e-03	-1.800000e-05	-3.872204e-03	3.890204e-03
-3.700000000000006e+00	-6.608556e-01	-3.700000e+00	-1.800000e-05	3.871721e-03	-1.800000e-05	-3.871721e-03	3.889721e-03
-3.690000000000007e+00	-6.608555e-01	-3.690000e+00	-1.800000e-05	3.871239e-03	-1.800000e-05	-3.871239e-03	3.889239e-03
-3.680000000000007e+00	-6.608554e-01	-3.680000e+00	-1.800000e-05	3.870757e-03	-1.800000e-05	-3.870757e-03	3.888757e-03
-3.670000000000007e+00	-6.608553e-01	-3.670000e+00	-1.800000e-05	3.870274e-03	-1.800000e-05	-3.870274e-03	3.888274e-03
-3.660000000000007e+00	-6.608552e-01	-3.660000e+00	-1.800000e-05	3.869792e-03	-1.800000e-05	-3.869792e-03	3.887792e-03
-3.650000000000007e+00	-6.608551e-01	-3.650000e+00	-1.800000e-05	3.869310e-03	-1.800000e-05	-3.869310e-03	3.887309e-03
-3.640000000000008e+00	-6.608550e-01	-3.640000e+00	-1.800000e-05	3.868827e-03	-1.800000e-05	-3.868827e-03	3.886827e-03
-3.630000000000008e+00	-6.608549e-01	-3.630000e+00	-1.800000e-05	3.868345e-03	-1.800000e-05	-3.868345e-03	3.886345e-03
-3.620000000000008e+00	-6.608548e-01	-3.620000e+00	-1.800000e-05	3.867863e-03	-1.800000e-05	-3.867863e-03	3.885862e-03
-3.610000000000008e+00	-6.608547e-01	-3.610000e+00	-1.800000e-05	3.867380e-03	-1.800000e-05	-3.867380e-03	3.885380e-03
-3.600000000000009e+00	-6.608546e-01	-3.600000e+00	-1.800000e-05	3.866898e-03	-1.800000e-05	-3.866898e-03	3.884898e-03
-3.590000000000009e+00	-6.608545e-01	-3.590000e+00	-1.800000e-05	3.866415e-03	-1.800000e-05	-3.866415e-03	3.884415e-03
-3.580000000000009e+00	-6.608544e-01	-3.580000e+00	-1.800000e-05	3.865933e-03	-1.800000e-05	-3.865933e-03	3.883933e-03
-3.570000000000009e+00	-6.608543e-01	-3.570000e+00	-1.800000e-05	3.865451e-03	-1.800000e-05	-3.865451e-03	3.883451e-03
-3.560000000000009e+00	-6.608542e-01	-3.560000e+00	-1.800000e-05	3.864968e-03	-1.800000e-05	-3.864968e-03	3.882968e-03
-3.550000000000010e+00	-6.608541e-01	-3.550000e+00	-1.800000e-05	3.864486e-03	-1.800000e-05	-3.864486e-03	3.882486e-03
-3.540000000000010e+00	-6.608540e-01	-3.540000e+00	-1.800000e-05	3.864004e-03	-1.800000e-05	-3.864004e-03	3.882004e-03
-3.530000000000010e+00	-6.608539e-01	-3.530000e+00	-1.800000e-05	3.863521e-03	-1.800000e-05	-3.863521e-03	3.881521e-03
-3.520000000000010e+00	-6.608539e-01	-3.520000e+00	-1.800000e-05	3.863039e-03	-1.800000e-05	-3.863039e-03	3.881039e-03
-3.510000000000010e+00	-6.608537e-01	-3.510000e+00	-1.800000e-05	3.862557e-03	-1.800000e-05	-3.862557e-03	3.880557e-03
-3.500000000000011e+00	-6.608536e-01	-3.500000e+00	-1.800000e-05	3.862074e-03	-1.800000e-05	-3.862074e-03	3.880074e-03
-3.490000000000011e+00	-6.608536e-01	-3.490000e+00	-1.800000e-05	3.861592e-03	-1.800000e-05	-3.861592e-03	3.879592e-03
-3.480000000000011e+00	-6.608534e-01	-3.480000e+00	-1.800000e-05	3.861109e-03	-1.800000e-05	-3.861109e-03	3.879110e-03
-3.470000000000011e+00	-6.608534e-01	-3.470000e+00	-1.800000e-05	3.860627e-03	-1.800000e-05	-3.860627e-03	3.878627e-03
-3.460000000000012e+00	-6.608533e-01	-3.460000e+00	-1.800000e-05	3.860145e-03	-1.800000e-05	-3.860145e-03	3.878145e-03
-3.450000000000012e+00	-6.608531e-01	-3.450000e+00	-1.800000e-05	3.859662e-03	-1.800000e-05	-3.859662e-03	3.877662e-03
-3.440000000000012e+00	-6.608531e-01	-3.440000e+00	-1.800000e-05	3.859180e-03	-1.800000e-05	-3.859180e-03	3.877180e-03
-3.430000000000012e+00	-6.608530e-01	-3.430000e+00	-1.800000e-05	3.858698e-03	-1.800000e-05	-3.858698e-03	3.876698e-03
-3.420000000000012e+00	-6.608528e-01	-3.420000e+00	-1.800000e-05	3.858215e-03	-1.800000e-05	-3.858215e-03	3.876215e-03
-3.410000000000013e+00	-6.608528e-01	-3.410000e+00	-1.800000e-05	3.857733e-03	-1.800000e-05	-3.857733e-03	3.875733e-03
-3.400000000000013e+00	-6.608527e-01	-3.400000e+00	-1.800000e-05	3.857251e-03	-1.800000e-05	-3.857251e-03	3.875251e-03
-3.390000000000013e+00	-6.608526e-01	-3.390000e+00	-1.800000e-05	3.856768e-03	-1.800000e-05	-3.856768e-03	3.874768e-03
-3.380000000000013e+00	-6.608525e-01	-3.380000e+00	-1.800000e-05	3.856286e-03	-1.800000e-05	-3.856286e-03	3.874286e-03
-3.370000000000013e+00	-6.608524e-01	-3.370000e+00	-1.800000e-05	3.855804e-03	-1.800000e-05	-3.855804e-03	3.873804e-03
-3.360000000000014e+00	-6.608523e-01	-3.360000e+00	-1.800000e-05	3.855321e-03	-1.800000e-05	-3.855321e-03	3.873321e-03
-3.350000000000014e+00	-6.608522e-01	-3.350000e+00	-1.800000e-05	3.854839e-03	-1.800000e-05	-3.854839e-03	3.872839e-03
-3.340000000000014e+00	-6.608521e-01	-3.340000e+00	-1.800000e-05	3.854356e-03	-1.800000e-05	-3.854356e-03	3.872357e-03
-3.330000000000014e+00	-6.608520e-01	-3.330000e+00	-1.800000e-05	3.853874e-03	-1.800000e-05	-3.853874e-03	3.871874e-03
-3.320000000000014e+00	-6.608519e-01	-3.320000e+00	-1.800000e-05	3.853392e-03	-1.800000e-05	-3.853392e-03	3.871392e-03
-3.310000000000015e+00	-6.608518e-01	-3.310000e+00	-1.800000e-05	3.852909e-03	-1.800000e-05	-3.852909e-03	3.870910e-03
-3.300000000000015e+00	-6.608517e-01	-3.300000e+00	-1.800000e-05	3.852427e-03	-1.800000e-05	-3.852427e-03	3.870427e-03
-3.290000000000015e+00	-6.608516e-01	-3.290000e+00	-1.800000e-05	3.851945e-03	-1.800000e-05	-3.851945e-03	3.869945e-03
-3.280000000000015e+00	-6.608515e-01	-3.280000e+00	-1.800000e-05	3.851462e-03	-1.800000e-05	-3.851462e-03	3.869462e-03
-3.270000000000016e+00	-6.608514e-01	-3.270000e+00	-1.800000e-05	3.850980e-03	-1.800000e-05	-3.850980e-03	3.868980e-03
-3.260000000000016e+00	-6.608514e-01	-3.260000e+00	-1.800000e-05	3.850498e-03	-1.800000e-05	-3.850498e-03	3.868498e-03
-3.250000000000016e+00	-6.608512e-01	-3.250000e+00	-1.800000e-05	3.850015e-03	-1.800000e-05	-3.850015e-03	3.868015e-03
-3.240000000000016e+00	-6.608511e-01	-3.240000e+00	-1.800000e-05	3.849533e-03	-1.800000e-05	-3.849533e-03	3.867533e-03
-3.230000000000016e+00	-6.608511e-01	-3.230000e+00	-1.800000e-05	3.849051e-03	-1.800000e-05	-3.849051e-03	3.867051e-03
-3.220000000000017e+00	-6.608509e-01	-3.220000e+00	-1.800000e-05	3.848568e-03	-1.800000e-05	-3.848568e-03	3.866568e-03
-3.210000000000017e+00	-6.608508e-01	-3.210000e+00	-1.800000e-05	3.848086e-03	-1.800000e-05	-3.848086e-03	3.866086e-03
-3.200000000000017e+00	-6.608508e-01	-3.200000e+00	-1.800000e-05	3.847603e-03	-1.800000e-05	-3.847603e-03	3.865604e-03
-3.190000000000017e+00	-6.608506e-01	-3.190000e+00	-1.800000e-05	3.847121e-03	-1.800000e-05	-3.847121e-03	3.865121e-03
-3.180000000000017e+00	-6.608506e-01	-3.180000e+00	-1.800000e-05	3.846639e-03	-1.800000e-05	-3.846639e-03	3.864639e-03
-3.170000000000018e+00	-6.608505e-01	-3.170000e+00	-1.800000e-05	3.846156e-03	-1.800000e-05	-3.846156e-03	3.864157e-03
-3.160000000000018e+00	-6.608503e-01	-3.160000e+00	-1.800000e-05	3.845674e-03	-1.800000e-05	-3.845674e-03	3.863674e-03
-3.150000000000018e+00	-6.608503e-01	-3.150000e+00	-1.800000e-05	3.845192e-03	-1.800000e-05	-3.845192e-03	3.863192e-03
-3.140000000000018e+00	-6.608502e-01	-3.140000e+00	-1.800000e-05	3.844709e-03	-1.800000e-05	-3.844709e-03	3.862710e-03
-3.130000000000019e+00	-6.608501e-01	-3.130000e+00	-1.800000e-05	3.844227e-03	-1.800000e-05	-3.844227e-03	3.862227e-03
-3.120000000000019e+00	-6.608500e-01	-3.120000e+00	-1.800000e-05	3.843745e-03	-1.800000e-05	-3.843745e-03	3.861745e-03
-3.110000000000019e+00	-6.608499e-01	-3.110000e+00	-1.800000e-05	3.843262e-03	-1.800000e-05	-3.843262e-03	3.861262e-03
-3.100000000000019e+00	-6.608498e-01	-3.100000e+00	-1.800000e-05	3.842780e-03	-1.800000e-05	-3.842780e-03	3.860780e-03
-3.090000000000019e+00	-6.608497e-01	-3.090000e+00	-1.800000e-05	3.842298e-03	-1.800000e-05	-3.842298e-03	3.860298e-03
-3.080000000000020e+00	-6.608496e-01	-3.080000e+00	-1.800000e-05	3.841815e-03	-1.800000e-05	-3.841815e-03	3.859815e-03
-3.070000000000020e+00	-6.608495e-01	-3.070000e+00	-1.800000e-05	3.841333e-03	-1.800000e-05	-3.841333e-03	3.859333e-03
-3.060000000000020e+00	-6.608494e-01	-3.060000e+00	-1.800000e-05	3.840851e-03	-1.800000e-05	-3.840851e-03	3.858851e-03
-3.050000000000020e+00	-6.608493e-01	-3.050000e+00	-1.800000e-05	3.840368e-03	-1.800000e-05	-3.840368e-03	3.858368e-03
-3.040000000000020e+00	-6.608492e-01	-3.040000e+00	-1.800000e-05	3.839886e-03	-1.800000e-05	-3.839886e-03	3.857886e-03
-3.030000000000021e+00	-6.608491e-01	-3.030000e+00	-1.800000e-05	3.839403e-03	-1.800000e-05	-3.839403e-03	3.857404e-03
-3.020000000000021e+00	-6.608490e-01	-3.020000e+00	-1.800000e-05	3.838921e-03	-1.800000e-05	-3.838921e-03	3.856921e-03
-3.010000000000021e+00	-6.608489e-01	-3.010000e+00	-1.800000e-05	3.838439e-03	-1.800000e-05	-3.838439e-03	3.856439e-03
-3.000000000000021e+00	-6.608488e-01	-3.000000e+00	-1.800000e-05	3.837956e-03	-1.800000e-05	-3.837956e-03	3.855956e-03
-2.990000000000022e+00	-6.608487e-01	-2.990000e+00	-1.800000e-05	3.837474e-03	-1.800000e-05	-3.837474e-03	3.855474e-03
-2.980000000000022e+00	-6.608486e-01	-2.980000e+00	-1.800000e-05	3.836992e-03	-1.800000e-05	-3.836992e-03	3.854992e-03
-2.970000000000022e+00	-6.608486e-01	-2.970000e+00	-1.800000e-05	3.836509e-03	-1.800000e-05	-3.836509e-03	3.854509e-03
-2.960000000000022e+00	-6.608484e-01	-2.960000e+00	-1.800000e-05	3.836027e-03	-1.800000e-05	-3.836027e-03	3.854027e-03
-2.950000000000022e+00	-6.608483e-01	-2.950000e+00	-1.800000e-05	3.835545e-03	-1.800000e-05	-3.835545e-03	3.853545e-03
-2.940000000000023e+00	-6.608483e-01	-2.940000e+00	-1.800000e-05	3.835062e-03	-1.800000e-05	-3.835062e-03	3.853062e-03
-2.930000000000023e+00	-6.608481e-01	-2.930000e+00	-1.800000e-05	3.834580e-03	-1.800000e-05	-3.834580e-03	3.852580e-03
-2.920000000000023e+00	-6.608481e-01	-2.920000e+00	-1.800000e-05	3.834098e-03	-1.800000e-05	-3.834098e-03	3.852098e-03
-2.910000000000023e+00	-6.608480e-01	-2.910000e+00	-1.800000e-05	3.833615e-03	-1.800000e-05	-3.833615e-03	3.851615e-03
-2.900000000000023e+00	-6.608478e-01	-2.900000e+00	-1.800000e-05	3.833133e-03	-1.800000e-05	-3.833133e-03	3.851133e-03
-2.890000000000024e+00	-6.608478e-01	-2.890000e+00	-1.800000e-05	3.832651e-03	-1.800000e-05	-3.832651e-03	3.850651e-03
-2.880000000000024e+00	-6.608477e-01	-2.880000e+00	-1.800000e-05	3.832168e-03	-1.800000e-05	-3.832168e-03	3.850168e-03
-2.870000000000024e+00	-6.608475e-01	-2.870000e+00	-1.800000e-05	3.831686e-03	-1.800000e-05	-3.831686e-03	3.849686e-03
-2.860000000000024e+00	-6.608475e-01	-2.860000e+00	-1.800000e-05	3.831204e-03	-1.800000e-05	-3.831204e-03	3.849203e-03
-2.850000000000025e+00	-6.608474e-01	-2.850000e+00	-1.800000e-05	3.830721e-03	-1.800000e-05	-3.830721e-03	3.848721e-03
-2.840000000000025e+00	-6.608473e-01	-2.840000e+00	-1.800000e-05	3.830239e-03	-1.800000e-05	-3.830239e-03	3.848239e-03
-2.830000000000025e+00	-6.608472e-01	-2.830000e+00	-1.800000e-05	3.829756e-03	-1.800000e-05	-3.829756e-03	3.847756e-03
-2.820000000000025e+00	-6.608471e-01	-2.820000e+00	-1.800000e-05	3.829274e-03	-1.800000e-05	-3.829274e-03	3.847274e-03
-2.810000000000025e+00	-6.608470e-01	-2.810000e+00	-1.800000e-05	3.828792e-03	-1.800000e-05	-3.828792e-03	3.846792e-03
-2.800000000000026e+00	-6.608469e-01	-2.800000e+00	-1.800000e-05	3.828309e-03	-1.800000e-05	-3.828309e-03	3.846309e-03
-2.790000000000026e+00	-6.608468e-01	-2.790000e+00	-1.800000e-05	3.827827e-03	-1.800000e-05	-3.827827e-03	3.845827e-03
-2.780000000000026e+00	-6.608467e-01	-2.780000e+00	-1.800000e-05	3.827345e-03	-1.800000e-05	-3.827345e-03	3.845345e-03
-2.770000000000026e+00	-6.608466e-01	-2.770000e+00	-1.800000e-05	3.826862e-03	-1.800000e-05	-3.826862e-03	3.844862e-03
-2.760000000000026e+00	-6.608465e-01	-2.760000e+00	-1.800000e-05	3.826380e-03	-1.800000e-05	-3.826380e-03	3.844380e-03
-2.750000000000027e+00	-6.608464e-01	-2.750000e+00	-1.800000e-05	3.825898e-03	-1.800000e-05	-3.825898e-03	3.843897e-03
-2.740000000000027e+00	-6.608463e-01	-2.740000e+00	-1.800000e-05	3.825415e-03	-1.800000e-05	-3.825415e-03	3.843415e-03
-2.730000000000027e+00	-6.608462e-01	-2.730000e+00	-1.800000e-05	3.824933e-03	-1.800000e-05	-3.824933e-03	3.842933e-03
-2.720000000000027e+00	-6.608461e-01	-2.720000e+00	-1.800000e-05	3.824451e-03	-1.800000e-05	-3.824451e-03	3.842450e-03
-2.710000000000027e+00	-6.608461e-01	-2.710000e+00	-1.800000e-05	3.823968e-03	-1.800000e-05	-3.823968e-03	3.841968e-03
-2.700000000000028e+00	-6.608459e-01	-2.700000e+00	-1.800000e-05	3.823486e-03	-1.800000e-05	-3.823486e-03	3.841486e-03
-2.690000000000028e+00	-6.608458e-01	-2.690000e+00	-1.800000e-05	3.823003e-03	-1.800000e-05	-3.823003e-03	3.841003e-03
-2.680000000000028e+00	-6.608458e-01	-2.680000e+00	-1.800000e-05	3.822521e-03	-1.800000e-05	-3.822521e-03	3.840521e-03
-2.670000000000028e+00	-6.608456e-01	-2.670000e+00	-1.800000e-05	3.822039e-03	-1.800000e-05	-3.822039e-03	3.840039e-03
-2.660000000000029e+00	-6.608455e-01	-2.660000e+00	-1.800000e-05	3.821556e-03	-1.800000e-05	-3.821556e-03	3.839556e-03
-2.650000000000029e+00	-6.608455e-01	-2.650000e+00	-1.800000e-05	3.821074e-03	-1.800000e-05	-3.821074e-03	3.839074e-03
-2.640000000000029e+00	-6.608453e-01	-2.640000e+00	-1.800000e-05	3.820592e-03	-1.800000e-05	-3.820592e-03	3.838592e-03
-2.630000000000029e+00	-6.608453e-01	-2.630000e+00	-1.800000e-05	3.820109e-03	-1.800000e-05	-3.820109e-03	3.838109e-03
-2.620000000000029e+00	-6.608452e-01	-2.620000e+00	-1.800000e-05	3.819627e-03	-1.800000e-05	-3.819627e-03	3.837627e-03
-2.610000000000030e+00	-6.608450e-01	-2.610000e+00	-1.800000e-05	3.819145e-03	-1.800000e-05	-3.819145e-03	3.837144e-03
-2.600000000000030e+00	-6.608450e-01	-2.600000e+00	-1.800000e-05	3.818662e-03	-1.800000e-05	-3.818662e-03	3.836662e-03
-2.590000000000030e+00	-6.608449e-01	-2.590000e+00	-1.800000e-05	3.818180e-03	-1.800000e-05	-3.818180e-03	3.836180e-03
-2.580000000000030e+00	-6.608447e-01	-2.580000e+00	-1.800000e-05	3.817698e-03	-1.800000e-05	-3.817698e-03	3.835697e-03
-2.570000000000030e+00	-6.608447e-01	-2.570000e+00	-1.800000e-05	3.817215e-03	-1.800000e-05	-3.817215e-03	3.835215e-03
-2.560000000000031e+00	-6.608446e-01	-2.560000e+00	-1.800000e-05	3.816733e-03	-1.800000e-05	-3.816733e-03	3.834733e-03
-2.550000000000031e+00	-6.608445e-01	-2.550000e+00	-1.800000e-05	3.816250e-03	-1.800000e-05	-3.816250e-03	3.834250e-03
-2.540000000000031e+00	-6.608444e-01	-2.540000e+00	-1.800000e-05	3.815768e-03	-1.800000e-05	-3.815768e-03	3.833768e-03
-2.530000000000031e+00	-6.608443e-01	-2.530000e+00	-1.800000e-05	3.815286e-03	-1.800000e-05	-3.815286e-03	3.833286e-03
-2.520000000000032e+00	-6.608442e-01	-2.520000e+00	-1.800000e-05	3.814803e-03	-1.800000e-05	-3.814803e-03	3.832803e-03
-2.510000000000032e+00	-6.608441e-01	-2.510000e+00	-1.800000e-05	3.814321e-03	-1.800000e-05	-3.814321e-03	3.832321e-03
-2.500000000000032e+00	-6.608440e-01	-2.500000e+00	-1.800000e-05	3.813839e-03	-1.800000e-05	-3.813839e-03	3.831839e-03
-2.490000000000032e+00	-6.608439e-01	-2.490000e+00	-1.800000e-05	3.813356e-03	-1.800000e-05	-3.813356e-03	3.831356e-03
-2.480000000000032e+00	-6.608438e-01	-2.480000e+00	-1.800000e-05	3.812874e-03	-1.800000e-05	-3.812874e-03	3.830874e-03
-2.470000000000033e+00	-6.608437e-01	-2.470000e+00	-1.800000e-05	3.812392e-03	-1.800000e-05	-3.812392e-03	3.830392e-03
-2.460000000000033e+00	-6.608436e-01	-2.460000e+00	-1.800000e-05	3.811909e-03	-1.800000e-05	-3.811909e-03	3.829909e-03
-2.450000000000033e+00	-6.608435e-01	-2.450000e+00	-1.800000e-05	3.811427e-03	-1.800000e-05	-3.811427e-03	3.829427e-03
-2.440000000000033e+00	-6.608434e-01	-2.440000e+00	-1.800000e-05	3.810945e-03	-1.800000e-05	-3.810945e-03	3.828944e-03
-2.430000000000033e+00	-6.608433e-01	-2.430000e+00	-1.800000e-05	3.810462e-03	-1.800000e-05	-3.810462e-03	3.828462e-03
-2.420000000000034e+00	-6.608433e-01	-2.420000e+00	-1.800000e-05	3.809980e-03	-1.800000e-05	-3.809980e-03	3.827980e-03
-2.410000000000034e+00	-6.608431e-01	-2.410000e+00	-1.800000e-05	3.809497e-03	-1.800000e-05	-3.809497e-03	3.827497e-03
-2.400000000000034e+00	-6.608430e-01	-2.400000e+00	-1.800000e-05	3.809015e-03	-1.800000e-05	-3.809015e-03	3.827015e-03
-2.390000000000034e+00	-6.608430e-01	-2.390000e+00	-1.800000e-05	3.808533e-03	-1.800000e-05	-3.808533e-03	3.826533e-03
-2.380000000000035e+00	-6.608428e-01	-2.380000e+00	-1.800000e-05	3.808050e-03	-1.800000e-05	-3.808050e-03	3.826050e-03
-2.370000000000035e+00	-6.608427e-01	-2.370000e+00	-1.800000e-05	3.807568e-03	-1.800000e-05	-3.807568e-03	3.825568e-03
-2.360000000000035e+00	-6.608427e-01	-2.360000e+00	-1.800000e-05	3.807086e-03	-1.800000e-05	-3.807086e-03	3.825086e-03
-2.350000000000035e+00	-6.608425e-01	-2.350000e+00	-1.800000e-05	3.806603e-03	-1.800000e-05	-3.806603e-03	3.824603e-03
-2.340000000000035e+00	-6.608425e-01	-2.340000e+00	-1.800000e-05	3.806121e-03	-1.800000e-05	-3.806121e-03	3.824121e-03
-2.330000000000036e+00	-6.608424e-01	-2.330000e+00	-1.800000e-05	3.805639e-03	-1.800000e-05	-3.805639e-03	3.823639e-03
-2.320000000000036e+00	-6.608422e-01	-2.320000e+00	-1.800000e-05	3.805156e-03	-1.800000e-05	-3.805156e-03	3.823156e-03
-2.310000000000036e+00	-6.608422e-01	-2.310000e+00	-1.800000e-05	3.804674e-03	-1.800000e-05	-3.804674e-03	3.822674e-03
-2.300000000000036e+00	-6.608421e-01	-2.300000e+00	-1.800000e-05	3.804191e-03	-1.800000e-05	-3.804191e-03	3.822192e-03
-2.290000000000036e+00	-6.608420e-01	-2.290000e+00	-1.800000e-05	3.803709e-03	-1.800000e-05	-3.803709e-03	3.821709e-03
-2.280000000000037e+00	-6.608419e-01	-2.280000e+00	-1.800000e-05	3.803227e-03	-1.800000e-05	-3.803227e-03	3.821227e-03
-2.270000000000037e+00	-6.608418e-01	-2.270000e+00	-1.800000e-05	3.802744e-03	-1.800000e-05	-3.802744e-03	3.820744e-03
-2.260000000000037e+00	-6.608417e-01	-2.260000e+00	-1.800000e-05	3.802262e-03	-1.800000e-05	-3.802262e-03	3.820262e-03
-2.250000000000037e+00	-6.608416e-01	-2.250000e+00	-1.800000e-05	3.801780e-03	-1.800000e-05	-3.801780e-03	3.819780e-03
-2.240000000000038e+00	-6.608415e-01	-2.240000e+00	-1.800000e-05	3.801297e-03	-1.800000e-05	-3.801297e-03	3.819297e-03
-2.230000000000038e+00	-6.608414e-01	-2.230000e+00	-1.800000e-05	3.800815e-03	-1.800000e-05	-3.800815e-03	3.818815e-03
-2.220000000000038e+00	-6.608413e-01	-2.220000e+00	-1.800000e-05	3.800333e-03	-1.800000e-05	-3.800333e-03	3.818333e-03
-2.210000000000038e+00	-6.608412e-01	-2.210000e+00	-1.800000e-05	3.799850e-03	-1.800000e-05	-3.799850e-03	3.817850e-03
-2.200000000000038e+00	-6.608411e-01	-2.200000e+00	-1.800000e-05	3.799368e-03	-1.800000e-05	-3.799368e-03	3.817368e-03
-2.190000000000039e+00	-6.608410e-01	-2.190000e+00	-1.800000e-05	3.798886e-03	-1.800000e-05	-3.798886e-03	3.816886e-03
-2.180000000000039e+00	-6.608409e-01	-2.180000e+00	-1.800000e-05	3.798403e-03	-1.800000e-05	-3.798403e-03	3.816403e-03
-2.170000000000039e+00	-6.608408e-01	-2.170000e+00	-1.800000e-05	3.797921e-03	-1.800000e-05	-3.797921e-03	3.815921e-03
-2.160000000000039e+00	-6.608407e-01	-2.160000e+00	-1.800000e-05	3.797438e-03	-1.800000e-05	-3.797438e-03	3.815439e-03
-2.150000000000039e+00	-6.608406e-01	-2.150000e+00	-1.800000e-05	3.796956e-03	-1.800000e-05	-3.796956e-03	3.814956e-03
-2.140000000000040e+00	-6.608405e-01	-2.140000e+00	-1.800000e-05	3.796474e-03	-1.800000e-05	-3.796474e-03	3.814474e-03
-2.130000000000040e+00	-6.608405e-01	-2.130000e+00	-1.800000e-05	3.795991e-03	-1.800000e-05	-3.795991e-03	3.813992e-03
-2.120000000000040e+00	-6.608403e-01	-2.120000e+00	-1.800000e-05	3.795509e-03	-1.800000e-05	-3.795509e-03	3.813509e-03
-2.110000000000040e+00	-6.608402e-01	-2.110000e+00	-1.800000e-05	3.795027e-03	-1.800000e-05	-3.795027e-03	3.813027e-03
-2.100000000000041e+00	-6.608402e-01	-2.100000e+00	-1.800000e-05	3.794544e-03	-1.800000e-05	-3.794544e-03	3.812545e-03
-2.090000000000041e+00	-6.608400e-01	-2.090000e+00	-1.800000e-05	3.794062e-03	-1.800000e-05	-3.794062e-03	3.812062e-03
-2.080000000000041e+00	-6.608400e-01	-2.080000e+00	-1.800000e-05	3.793580e-03	-1.800000e-05	-3.793580e-03	3.811580e-03
-2.070000000000041e+00	-6.608399e-01	-2.070000e+00	-1.800000e-05	3.793097e-03	-1.800000e-05	-3.793097e-03	3.811097e-03
-2.060000000000041e+00	-6.608397e-01	-2.060000e+00	-1.800000e-05	3.792615e-03	-1.800000e-05	-3.792615e-03	3.810615e-03
-2.050000000000042e+00	-6.608397e-01	-2.050000e+00	-1.800000e-05	3.792133e-03	-1.800000e-05	-3.792133e-03	3.810133e-03
-2.040000000000042e+00	-6.608396e-01	-2.040000e+00	-1.800000e-05	3.791650e-03	-1.800000e-05	-3.791650e-03	3.809650e-03
-2.030000000000042e+00	-6.608394e-01	-2.030000e+00	-1.800000e-05	3.791168e-03	-1.800000e-05	-3.791168e-03	3.809168e-03
-2.020000000000042e+00	-6.608394e-01	-2.020000e+00	-1.800000e-05	3.790685e-03	-1.800000e-05	-3.790685e-03	3.808686e-03
-2.010000000000042e+00	-6.608393e-01	-2.010000e+00	-1.800000e-05	3.790203e-03	-1.800000e-05	-3.790203e-03	3.808203e-03
-2.000000000000043e+00	-6.608392e-01	-2.000000e+00	-1.800000e-05	3.789721e-03	-1.800000e-05	-3.789721e-03	3.807721e-03
-1.990000000000043e+00	-6.608391e-01	-1.990000e+00	-1.800000e-05	3.789238e-03	-1.800000e-05	-3.789238e-03	3.807239e-03
-1.980000000000043e+00	-6.608390e-01	-1.980000e+00	-1.800000e-05	3.788756e-03	-1.800000e-05	-3.788756e-03	3.806756e-03
-1.970000000000043e+00	-6.608389e-01	-1.970000e+00	-1.800000e-05	3.788274e-03	-1.800000e-05	-3.788274e-03	3.806274e-03
-1.960000000000043e+00	-6.608388e-01	-1.960000e+00	-1.800000e-05	3.787791e-03	-1.800000e-05	-3.787791e-03	3.805791e-03
-1.950000000000043e+00	-6.608387e-01	-1.950000e+00	-1.800000e-05	3.787309e-03	-1.800000e-05	-3.787309e-03	3.805309e-03
-1.940000000000043e+00	-6.608386e-01	-1.940000e+00	-1.800000e-05	3.786827e-03	-1.800000e-05	-3.786827e-03	3.804827e-03
-1.930000000000043e+00	-6.608385e-01	-1.930000e+00	-1.800000e-05	3.786344e-03	-1.800000e-05	-3.786344e-03	3.804344e-03
-1.920000000000043e+00	-6.608384e-01	-1.920000e+00	-1.800000e-05	3.785862e-03	-1.800000e-05	-3.785862e-03	3.803862e-03
-1.910000000000043e+00	-6.608383e-01	-1.910000e+00	-1.800000e-05	3.785380e-03	-1.800000e-05	-3.785380e-03	3.803380e-03
-1.900000000000043e+00	-6.608382e-01	-1.900000e+00	-1.800000e-05	3.784897e-03	-1.800000e-05	-3.784897e-03	3.802897e-03
-1.890000000000043e+00	-6.608381e-01	-1.890000e+00	-1.800000e-05	3.784415e-03	-1.800000e-05	-3.784415e-03	3.802415e-03
-1.880000000000043e+00	-6.608380e-01	-1.880000e+00	-1.800000e-05	3.783933e-03	-1.800000e-05	-3.783933e-03	3.801933e-03
-1.870000000000043e+00	-6.608379e-01	-1.870000e+00	-1.800000e-05	3.783450e-03	-1.800000e-05	-3.783450e-03	3.801450e-03
-1.860000000000043e+00	-6.608378e-01	-1.860000e+00	-1.800000e-05	3.782968e-03	-1.800000e-05	-3.782968e-03	3.800968e-03
-1.850000000000042e+00	-6.608377e-01	-1.850000e+00	-1.800000e-05	3.782486e-03	-1.800000e-05	-3.782486e-03	3.800486e-03
-1.840000000000042e+00	-6.608377e-01	-1.840000e+00	-1.800000e-05	3.782003e-03	-1.800000e-05	-3.782003e-03	3.800003e-03
-1.830000000000042e+00	-6.608375e-01	-1.830000e+00	-1.800000e-05	3.781521e-03	-1.800000e-05	-3.781521e-03	3.799521e-03
-1.820000000000042e+00	-6.608374e-01	-1.820000e+00	-1.800000e-05	3.781038e-03	-1.800000e-05	-3.781038e-03	3.799038e-03
-1.810000000000042e+00	-6.608374e-01	-1.810000e+00	-1.800000e-05	3.780556e-03	-1.800000e-05	-3.780556e-03	3.798556e-03
-1.800000000000042e+00	-6.608372e-01	-1.800000e+00	-1.800000e-05	3.780074e-03	-1.800000e-05	-3.780074e-03	3.798074e-03
-1.790000000000042e+00	-6.608372e-01	-1.790000e+00	-1.800000e-05	3.779591e-03	-1.800000e-05	-3.779591e-03	3.797591e-03
-1.780000000000042e+00	-6.608371e-01	-1.780000e+00	-1.800000e-05	3.779109e-03	-1.800000e-05	-3.779109e-03	3.797109e-03
-1.770000000000042e+00	-6.608369e-01	-1.770000e+00	-1.800000e-05	3.778627e-03	-1.800000e-05	-3.778627e-03	3.796627e-03
-1.760000000000042e+00	-6.608369e-01	-1.760000e+00	-1.800000e-05	3.778144e-03	-1.800000e-05	-3.778144e-03	3.796144e-03
-1.750000000000042e+00	-6.608368e-01	-1.750000e+00	-1.800000e-05	3.777662e-03	-1.800000e-05	-3.777662e-03	3.795662e-03
-1.740000000000042e+00	-6.608366e-01	-1.740000e+00	-1.800000e-05	3.777180e-03	-1.800000e-05	-3.777180e-03	3.795180e-03
-1.730000000000042e+00	-6.608366e-01	-1.730000e+00	-1.800000e-05	3.776697e-03	-1.800000e-05	-3.776697e-03	3.794697e-03
-1.720000000000042e+00	-6.608365e-01	-1.720000e+00	-1.800000e-05	3.776215e-03	-1.800000e-05	-3.776215e-03	3.794215e-03
-1.710000000000042e+00	-6.608364e-01	-1.710000e+00	-1.800000e-05	3.775733e-03	-1.800000e-05	-3.775733e-03	3.793732e-03
-1.700000000000042e+00	-6.608363e-01	-1.700000e+00	-1.800000e-05	3.775250e-03	-1.800000e-05	-3.775250e-03	3.793250e-03
-1.690000000000042e+00	-6.608362e-01	-1.690000e+00	-1.800000e-05	3.774768e-03	-1.800000e-05	-3.774768e-03	3.792768e-03
-1.680000000000042e+00	-6.608361e-01	-1.680000e+00	-1.800000e-05	3.774286e-03	-1.800000e-05	-3.774286e-03	3.792285e-03
-1.670000000000042e+00	-6.608360e-01	-1.670000e+00	-1.800000e-05	3.773803e-03	-1.800000e-05	-3.773803e-03	3.791803e-03
-1.660000000000042e+00	-6.608359e-01	-1.660000e+00	-1.800000e-05	3.773321e-03	-1.800000e-05	-3.773321e-03	3.791321e-03
-1.650000000000042e+00	-6.608358e-01	-1.650000e+00	-1.800000e-05	3.772838e-03	-1.800000e-05	-3.772838e-03	3.790838e-03
-1.640000000000042e+00	-6.608357e-01	-1.640000e+00	-1.800000e-05	3.772356e-03	-1.800000e-05	-3.772356e-03	3.790356e-03
-1.630000000000042e+00	-6.608356e-01	-1.630000e+00	-1.800000e-05	3.771874e-03	-1.800000e-05	-3.771874e-03	3.789874e-03
-1.620000000000042e+00	-6.608355e-01	-1.620000e+00	-1.800000e-05	3.771391e-03	-1.800000e-05	-3.771391e-03	3.789391e-03
-1.610000000000042e+00	-6.608354e-01	-1.610000e+00	-1.800000e-05	3.770909e-03	-1.800000e-05	-3.770909e-03	3.788909e-03
-1.600000000000042e+00	-6.608353e-01	-1.600000e+00	-1.800000e-05	3.770427e-03	-1.800000e-05	-3.770427e-03	3.788427e-03
-1.590000000000042e+00	-6.608352e-01	-1.590000e+00	-1.800000e-05	3.769944e-03	-1.800000e-05	-3.769944e-03	3.787944e-03
-1.580000000000042e+00	-6.608351e-01	-1.580000e+00	-1.800000e-05	3.769462e-03	-1.800000e-05	-3.769462e-03	3.787462e-03
-1.570000000000042e+00	-6.608350e-01	-1.570000e+00	-1.800000e-05	3.768980e-03	-1.800000e-05	-3.768980e-03	3.786979e-03
-1.560000000000042e+00	-6.608349e-01	-1.560000e+00	-1.800000e-05	3.768497e-03	-1.800000e-05	-3.768497e-03	3.786497e-03
-1.550000000000042e+00	-6.608348e-01	-1.550000e+00	-1.800000e-05	3.768015e-03	-1.800000e-05	-3.768015e-03	3.786015e-03
-1.540000000000042e+00	-6.608347e-01	-1.540000e+00	-1.800000e-05	3.767533e-03	-1.800000e-05	-3.767533e-03	3.785532e-03
-1.530000000000042e+00	-6.608346e-01	-1.530000e+00	-1.800000e-05	3.767050e-03	-1.800000e-05	-3.767050e-03	3.785050e-03
-1.520000000000042e+00	-6.608346e-01	-1.520000e+00	-1.800000e-05	3.766568e-03	-1.800000e-05	-3.766568e-03	3.784568e-03
-1.510000000000042e+00	-6.608344e-01	-1.510000e+00	-1.800000e-05	3.766085e-03	-1.800000e-05	-3.766085e-03	3.784085e-03
-1.500000000000042e+00	-6.608344e-01	-1.500000e+00	-1.800000e-05	3.765603e-03	-1.800000e-05	-3.765603e-03	3.783603e-03
-1.490000000000042e+00	-6.608343e-01	-1.490000e+00	-1.800000e-05	3.765121e-03	-1.800000e-05	-3.765121e-03	3.783121e-03
-1.480000000000042e+00	-6.608341e-01	-1.480000e+00	-1.800000e-05	3.764638e-03	-1.800000e-05	-3.764638e-03	3.782638e-03
-1.470000000000042e+00	-6.608341e-01	-1.470000e+00	-1.800000e-05	3.764156e-03	-1.800000e-05	-3.764156e-03	3.782156e-03
-1.460000000000042e+00	-6.608340e-01	-1.460000e+00	-1.800000e-05	3.763674e-03	-1.800000e-05	-3.763674e-03	3.781674e-03
-1.450000000000042e+00	-6.608339e-01	-1.450000e+00	-1.800000e-05	3.763191e-03	-1.800000e-05	-3.763191e-03	3.781191e-03
-1.440000000000042e+00	-6.608338e-01	-1.440000e+00	-1.800000e-05	3.762709e-03	-1.800000e-05	-3.762709e-03	3.780709e-03
-1.430000000000042e+00	-6.608337e-01	-1.430000e+00	-1.800000e-05	3.762227e-03	-1.800000e-05	-3.762227e-03	3.780226e-03
-1.420000000000042e+00	-6.608336e-01	-1.420000e+00	-1.800000e-05	3.761744e-03	-1.800000e-05	-3.761744e-03	3.779744e-03
-1.410000000000042e+00	-6.608335e-01	-1.410000e+00	-1.800000e-05	3.761262e-03	-1.800000e-05	-3.761262e-03	3.779262e-03
-1.400000000000042e+00	-6.608334e-01	-1.400000e+00	-1.800000e-05	3.760780e-03	-1.800000e-05	-3.760780e-03	3.778779e-03
-1.390000000000042e+00	-6.608333e-01	-1.390000e+00	-1.800000e-05	3.760297e-03	-1.800000e-05	-3.760297e-03	3.778297e-03
-1.380000000000042e+00	-6.608332e-01	-1.380000e+00	-1.800000e-05	3.759815e-03	-1.800000e-05	-3.759815e-03	3.777815e-03
-1.370000000000042e+00	-6.608331e-01	-1.370000e+00	-1.800000e-05	3.759332e-03	-1.800000e-05	-3.759332e-03	3.777332e-03
-1.360000000000042e+00	-6.608330e-01	-1.360000e+00	-1.800000e-05	3.758850e-03	-1.800000e-05	-3.758850e-03	3.776850e-03
-1.350000000000042e+00	-6.608329e-01	-1.350000e+00	-1.800000e-05	3.758368e-03	-1.800000e-05	-3.758368e-03	3.776368e-03
-1.340000000000042e+00	-6.608328e-01	-1.340000e+00	-1.800000e-05	3.757885e-03	-1.800000e-05	-3.757885e-03	3.775885e-03
-1.330000000000042e+00	-6.608327e-01	-1.330000e+00	-1.800000e-05	3.757403e-03	-1.800000e-05	-3.757403e-03	3.775403e-03
-1.320000000000042e+00	-6.608326e-01	-1.320000e+00	-1.800000e-05	3.756921e-03	-1.800000e-05	-3.756921e-03	3.774921e-03
-1.310000000000042e+00	-6.608325e-01	-1.310000e+00	-1.800000e-05	3.756438e-03	-1.800000e-05	-3.756438e-03	3.774438e-03
-1.300000000000042e+00	-6.608324e-01	-1.300000e+00	-1.800000e-05	3.755956e-03	-1.800000e-05	-3.755956e-03	3.773956e-03
-1.290000000000042e+00	-6.608323e-01	-1.290000e+00	-1.800000e-05	3.755474e-03	-1.800000e-05	-3.755474e-03	3.773474e-03
-1.280000000000042e+00	-6.608322e-01	-1.280000e+00	-1.800000e-05	3.754991e-03	-1.800000e-05	-3.754991e-03	3.772991e-03
-1.270000000000042e+00	-6.608321e-01	-1.270000e+00	-1.800000e-05	3.754509e-03	-1.800000e-05	-3.754509e-03	3.772509e-03
-1.260000000000042e+00	-6.608320e-01	-1.260000e+00	-1.800000e-05	3.754026e-03	-1.800000e-05	-3.754026e-03	3.772026e-03
-1.250000000000042e+00	-6.608319e-01	-1.250000e+00	-1.800000e-05	3.753544e-03	-1.800000e-05	-3.753544e-03	3.771544e-03
-1.240000000000042e+00	-6.608319e-01	-1.240000e+00	-1.800000e-05	3.753062e-03	-1.800000e-05	-3.753062e-03	3.771062e-03
-1.230000000000042e+00	-6.608317e-01	-1.230000e+00	-1.800000e-05	3.752579e-03	-1.800000e-05	-3.752579e-03	3.770579e-03
-1.220000000000042e+00	-6.608316e-01	-1.220000e+00	-1.800000e-05	3.752097e-03	-1.800000e-05	-3.752097e-03	3.770097e-03
-1.210000000000042e+00	-6.608316e-01	-1.210000e+00	-1.800000e-05	3.751615e-03	-1.800000e-05	-3.751615e-03	3.769615e-03
-1.200000000000042e+00	-6.608315e-01	-1.200000e+00	-1.800000e-05	3.751132e-03	-1.800000e-05	-3.751132e-03	3.769132e-03
-1.190000000000042e+00	-6.608313e-01	-1.190000e+00	-1.800000e-05	3.750650e-03	-1.800000e-05	-3.750650e-03	3.768650e-03
-1.180000000000042e+00	-6.608313e-01	-1.180000e+00	-1.800000e-05	3.750168e-03	-1.800000e-05	-3.750168e-03	3.768168e-03
-1.170000000000042e+00	-6.608312e-01	-1.170000e+00	-1.800000e-05	3.749685e-03	-1.800000e-05	-3.749685e-03	3.767685e-03
-1.160000000000042e+00	-6.608311e-01	-1.160000e+00	-1.800000e-05	3.749203e-03	-1.800000e-05	-3.749203e-03	3.767203e-03
-1.150000000000042e+00	-6.608310e-01	-1.150000e+00	-1.800000e-05	3.748721e-03	-1.800000e-05	-3.748721e-03	3.766721e-03
-1.140000000000042e+00	-6.608309e-01	-1.140000e+00	-1.800000e-05	3.748238e-03	-1.800000e-05	-3.748238e-03	3.766238e-03
-1.130000000000042e+00	-6.608308e-01	-1.130000e+00	-1.800000e-05	3.747756e-03	-1.800000e-05	-3.747756e-03	3.765756e-03
-1.120000000000042e+00	-6.608307e-01	-1.120000e+00	-1.800000e-05	3.747273e-03	-1.800000e-05	-3.747273e-03	3.765274e-03
-1.110000000000042e+00	-6.608306e-01	-1.110000e+00	-1.800000e-05	3.746791e-03	-1.800000e-05	-3.746791e-03	3.764791e-03
-1.100000000000042e+00	-6.608305e-01	-1.100000e+00	-1.800000e-05	3.746309e-03	-1.800000e-05	-3.746309e-03	3.764309e-03
-1.090000000000042e+00	-6.608304e-01	-1.090000e+00	-1.800000e-05	3.745826e-03	-1.800000e-05	-3.745826e-03	3.763827e-03
-1.080000000000042e+00	-6.608303e-01	-1.080000e+00	-1.800000e-05	3.745344e-03	-1.800000e-05	-3.745344e-03	3.763344e-03
-1.070000000000042e+00	-6.608302e-01	-1.070000e+00	-1.800000e-05	3.744862e-03	-1.800000e-05	-3.744862e-03	3.762862e-03
-1.060000000000042e+00	-6.608301e-01	-1.060000e+00	-1.800000e-05	3.744379e-03	-1.800000e-05	-3.744379e-03	3.762379e-03
-1.050000000000042e+00	-6.608300e-01	-1.050000e+00	-1.800000e-05	3.743897e-03	-1.800000e-05	-3.743897e-03	3.761897e-03
-1.040000000000042e+00	-6.608299e-01	-1.040000e+00	-1.800000e-05	3.743415e-03	-1.800000e-05	-3.743415e-03	3.761415e-03
-1.030000000000042e+00	-6.608298e-01	-1.030000e+00	-1.800000e-05	3.742932e-03	-1.800000e-05	-3.742932e-03	3.760932e-03
-1.020000000000042e+00	-6.608297e-01	-1.020000e+00	-1.800000e-05	3.742450e-03	-1.800000e-05	-3.742450e-03	3.760450e-03
-1.010000000000042e+00	-6.608296e-01	-1.010000e+00	-1.800000e-05	3.741967e-03	-1.800000e-05	-3.741967e-03	3.759968e-03
-1.000000000000042e+00	-6.608295e-01	-1.000000e+00	-1.800000e-05	3.741485e-03	-1.800000e-05	-3.741485e-03	3.759485e-03
-9.900000000000417e-01	-6.608294e-01	-9.900000e-01	-1.800000e-05	3.741003e-03	-1.800000e-05	-3.741003e-03	3.759003e-03
-9.800000000000417e-01	-6.608293e-01	-9.800000e-01	-1.800000e-05	3.740520e-03	-1.800000e-05	-3.740520e-03	3.758521e-03
-9.700000000000417e-01	-6.608292e-01	-9.700000e-01	-1.800000e-05	3.740038e-03	-1.800000e-05	-3.740038e-03	3.758038e-03
-9.600000000000417e-01	-6.608291e-01	-9.600000e-01	-1.800000e-05	3.739556e-03	-1.800000e-05	-3.739556e-03	3.757556e-03
-9.500000000000417e-01	-6.608291e-01	-9.500000e-01	-1.800000e-05	3.739073e-03	-1.800000e-05	-3.739073e-03	3.757074e-03
-9.400000000000417e-01	-6.608289e-01	-9.400000e-01	-1.800000e-05	3.738591e-03	-1.800000e-05	-3.738591e-03	3.756591e-03
-9.300000000000417e-01	-6.608288e-01	-9.300000e-01	-1.800000e-05	3.738109e-03	-1.800000e-05	-3.738109e-03	3.756109e-03
-9.200000000000417e-01	-6.608288e-01	-9.200000e-01	-1.800000e-05	3.737626e-03	-1.800000e-05	-3.737626e-03	3.755627e-03
-9.100000000000417e-01	-6.608286e-01	-9.100000e-01	-1.800000e-05	3.737144e-03	-1.800000e-05	-3.737144e-03	3.755144e-03
-9.000000000000417e-01	-6.608286e-01	-9.000000e-01	-1.800000e-05	3.736662e-03	-1.800000e-05	-3.736662e-03	3.754662e-03
-8.900000000000416e-01	-6.608285e-01	-8.900000e-01	-1.800000e-05	3.736179e-03	-1.800000e-05	-3.736179e-03	3.754179e-03
-8.800000000000416e-01	-6.608284e-01	-8.800000e-01	-1.800000e-05	3.735697e-03	-1.800000e-05	-3.735697e-03	3.753697e-03
-8.700000000000416e-01	-6.608283e-01	-8.700000e-01	-1.800000e-05	3.735214e-03	-1.800000e-05	-3.735214e-03	3.753215e-03
-8.600000000000416e-01	-6.608282e-01	-8.600000e-01	-1.800000e-05	3.734732e-03	-1.800000e-05	-3.734732e-03	3.752732e-03
-8.500000000000416e-01	-6.608281e-01	-8.500000e-01	-1.800000e-05	3.734250e-03	-1.800000e-05	-3.734250e-03	3.752250e-03
-8.400000000000416e-01	-6.608280e-01	-8.400000e-01	-1.800000e-05	3.733767e-03	-1.800000e-05	-3.733767e-03	3.751767e-03
-8.300000000000416e-01	-6.608279e-01	-8.300000e-01	-1.800000e-05	3.733285e-03	-1.800000e-05	-3.733285e-03	3.751285e-03
-8.200000000000416e-01	-6.608278e-01	-8.200000e-01	-1.800000e-05	3.732803e-03	-1.800000e-05	-3.732803e-03	3.750803e-03
-8.100000000000416e-01	-6.608277e-01	-8.100000e-01	-1.800000e-05	3.732320e-03	-1.800000e-05	-3.732320e-03	3.750320e-03
-8.000000000000416e-01	-6.608276e-01	-8.000000e-01	-1.800000e-05	3.731838e-03	-1.800000e-05	-3.731838e-03	3.749838e-03
-7.900000000000416e-01	-6.608275e-01	-7.900000e-01	-1.800000e-05	3.731355e-03	-1.800000e-05	-3.731355e-03	3.749355e-03
-7.800000000000415e-01	-6.608274e-01	-7.800000e-01	-1.800000e-05	3.730873e-03	-1.800000e-05	-3.730873e-03	3.748873e-03
-7.700000000000415e-01	-6.608273e-01	-7.700000e-01	-1.800000e-05	3.730390e-03	-1.800000e-05	-3.730390e-03	3.748390e-03
-7.600000000000415e-01	-6.608272e-01	-7.600000e-01	-1.800000e-05	3.729908e-03	-1.800000e-05	-3.729908e-03	3.747908e-03
-7.500000000000415e-01	-6.608271e-01	-7.500000e-01	-1.800000e-05	3.729425e-03	-1.800000e-05	-3.729425e-03	3.747426e-03
-7.400000000000415e-01	-6.608270e-01	-7.400000e-01	-1.800000e-05	3.728943e-03	-1.800000e-05	-3.728943e-03	3.746943e-03
-7.300000000000415e-01	-6.608269e-01	-7.300000e-01	-1.800000e-05	3.728460e-03	-1.800000e-05	-3.728460e-03	3.746460e-03
-7.200000000000415e-01	-6.608268e-01	-7.200000e-01	-1.800000e-05	3.727977e-03	-1.800000e-05	-3.727977e-03	3.745977e-03
-7.100000000000415e-01	-6.608267e-01	-7.100000e-01	-1.800000e-05	3.727495e-03	-1.800000e-05	-3.727495e-03	3.745494e-03
-7.000000000000415e-01	-6.608266e-01	-7.000000e-01	-1.800000e-05	3.727012e-03	-1.800000e-05	-3.727012e-03	3.745012e-03
-6.900000000000415e-01	-6.608265e-01	-6.900000e-01	-1.800000e-05	3.726528e-03	-1.800000e-05	-3.726528e-03	3.744528e-03
-6.800000000000415e-01	-6.608264e-01	-6.800000e-01	-1.800000e-05	3.726045e-03	-1.800000e-05	-3.726045e-03	3.744045e-03
-6.700000000000415e-01	-6.608263e-01	-6.700000e-01	-1.800000e-05	3.725561e-03	-1.800000e-05	-3.725561e-03	3.743561e-03
-6.600000000000414e-01	-6.608262e-01	-6.600000e-01	-1.800000e-05	3.725077e-03	-1.800000e-05	-3.725077e-03	3.743077e-03
-6.500000000000414e-01	-6.608261e-01	-6.500000e-01	-1.800000e-05	3.724593e-03	-1.800000e-05	-3.724593e-03	3.742593e-03
-6.400000000000414e-01	-6.608260e-01	-6.400000e-01	-1.800000e-05	3.724108e-03	-1.800000e-05	-3.724108e-03	3.742108e-03
-6.300000000000414e-01	-6.608258e-01	-6.300000e-01	-1.800000e-05	3.723623e-03	-1.800000e-05	-3.723623e-03	3.741622e-03
-6.200000000000414e-01	-6.608257e-01	-6.200000e-01	-1.800000e-05	3.723136e-03	-1.800000e-05	-3.723136e-03	3.741136e-03
-6.100000000000414e-01	-6.608256e-01	-6.100000e-01	-1.800000e-05	3.722648e-03	-1.800000e-05	-3.722648e-03	3.740649e-03
-6.000000000000414e-01	-6.608254e-01	-6.000000e-01	-1.800000e-05	3.722160e-03	-1.800000e-05	-3.722160e-03	3.740160e-03
-5.900000000000414e-01	-6.608253e-01	-5.900000e-01	-1.800000e-05	3.721669e-03	-1.800000e-05	-3.721669e-03	3.739669e-03
-5.800000000000414e-01	-6.608251e-01	-5.800000e-01	-1.800000e-05	3.721176e-03	-1.800000e-05	-3.721176e-03	3.739176e-03
-5.700000000000414e-01	-6.608249e-01	-5.700000e-01	-1.800000e-05	3.720681e-03	-1.800000e-05	-3.720681e-03	3.738681e-03
-5.600000000000414e-01	-6.608247e-01	-5.600000e-01	-1.800000e-05	3.720182e-03	-1.800000e-05	-3.720182e-03	3.738182e-03
-5.500000000000413e-01	-6.608245e-01	-5.500000e-01	-1.800000e-05	3.719678e-03	-1.800000e-05	-3.719678e-03	3.737679e-03
-5.400000000000413e-01	-6.608242e-01	-5.400000e-01	-1.800000e-05	3.719170e-03	-1.800000e-05	-3.719170e-03	3.737170e-03
-5.300000000000413e-01	-6.608238e-01	-5.300000e-01	-1.800000e-05	3.718654e-03	-1.800000e-05	-3.718654e-03	3.736654e-03
-5.200000000000413e-01	-6.608234e-01	-5.200000e-01	-1.800000e-05	3.718129e-03	-1.800000e-05	-3.718129e-03	3.736129e-03
-5.100000000000413e-01	-6.608229e-01	-5.100000e-01	-1.800000e-05	3.717593e-03	-1.800000e-05	-3.717593e-03	3.735593e-03
-5.000000000000413e-01	-6.608223e-01	-5.000000e-01	-1.800000e-05	3.717043e-03	-1.800000e-05	-3.717043e-03	3.735044e-03
-4.900000000000413e-01	-6.608216e-01	-4.900000e-01	-1.800000e-05	3.716476e-03	-1.800000e-05	-3.716476e-03	3.734476e-03
-4.800000000000413e-01	-6.608207e-01	-4.800000e-01	-1.800000e-05	3.715885e-03	-1.800000e-05	-3.715885e-03	3.733885e-03
-4.700000000000413e-01	-6.608196e-01	-4.700000e-01	-1.800000e-05	3.715266e-03	-1.800000e-05	-3.715266e-03	3.733266e-03
-4.600000000000413e-01	-6.608183e-01	-4.600000e-01	-1.800000e-05	3.714611e-03	-1.800000e-05	-3.714611e-03	3.732611e-03
-4.500000000000413e-01	-6.608166e-01	-4.500000e-01	-1.800000e-05	3.713910e-03	-1.800000e-05	-3.713910e-03	3.731910e-03
-4.400000000000412e-01	-6.608145e-01	-4.400000e-01	-1.800000e-05	3.713150e-03	-1.800000e-05	-3.713150e-03	3.731150e-03
-4.300000000000412e-01	-6.608118e-01	-4.300000e-01	-1.800000e-05	3.712316e-03	-1.800000e-05	-3.712316e-03	3.730316e-03
-4.200000000000412e-01	-6.608084e-01	-4.200000e-01	-1.800000e-05	3.711387e-03	-1.800000e-05	-3.711387e-03	3.729387e-03
-4.100000000000412e-01	-6.608042e-01	-4.100000e-01	-1.800000e-05	3.710338e-03	-1.800000e-05	-3.710338e-03	3.728338e-03
-4.000000000000412e-01	-6.607989e-01	-4.000000e-01	-1.800000e-05	3.709136e-03	-1.800000e-05	-3.709136e-03	3.727136e-03
-3.900000000000412e-01	-6.607921e-01	-3.900000e-01	-1.800000e-05	3.707738e-03	-1.800000e-05	-3.707738e-03	3.725738e-03
-3.800000000000412e-01	-6.607835e-01	-3.800000e-01	-1.800000e-05	3.706089e-03	-1.800000e-05	-3.706089e-03	3.724089e-03
-3.700000000000412e-01	-6.607725e-01	-3.700000e-01	-1.800000e-05	3.704118e-03	-1.800000e-05	-3.704118e-03	3.722118e-03
-3.600000000000412e-01	-6.607586e-01	-3.600000e-01	-1.800000e-05	3.701735e-03	-1.800000e-05	-3.701735e-03	3.719735e-03
-3.500000000000412e-01	-6.607407e-01	-3.500000e-01	-1.800000e-05	3.698821e-03	-1.800000e-05	-3.698821e-03	3.716821e-03
-3.400000000000412e-01	-6.607178e-01	-3.400000e-01	-1.800000e-05	3.695220e-03	-1.800000e-05	-3.695220e-03	3.713220e-03
-3.300000000000411e-01	-6.606883e-01	-3.300000e-01	-1.800000e-05	3.690732e-03	-1.800000e-05	-3.690732e-03	3.708732e-03
-3.200000000000411e-01	-6.606504e-01	-3.200000e-01	-1.800000e-05	3.685091e-03	-1.800000e-05	-3.685091e-03	3.703091e-03
-3.100000000000411e-01	-6.606015e-01	-3.100000e-01	-1.800000e-05	3.677949e-03	-1.800000e-05	-3.677949e-03	3.695949e-03
-3.000000000000411e-01	-6.605380e-01	-3.000000e-01	-1.800000e-05	3.668848e-03	-1.800000e-05	-3.668848e-03	3.686848e-03
-2.900000000000411e-01	-6.604555e-01	-2.900000e-01	-1.800000e-05	3.657182e-03	-1.800000e-05	-3.657182e-03	3.675181e-03
-2.800000000000411e-01	-6.603478e-01	-2.800000e-01	-1.800000e-05	3.642146e-03	-1.800000e-05	-3.642146e-03	3.660146e-03
-2.700000000000411e-01	-6.602069e-01	-2.700000e-01	-1.800000e-05	3.622680e-03	-1.800000e-05	-3.622680e-03	3.640680e-03
-2.600000000000411e-01	-6.600215e-01	-2.600000e-01	-1.800000e-05	3.597381e-03	-1.800000e-05	-3.597381e-03	3.615381e-03
-2.500000000000411e-01	-6.597772e-01	-2.500000e-01	-1.800000e-05	3.564405e-03	-1.800000e-05	-3.564405e-03	3.582405e-03
-2.400000000000411e-01	-6.594540e-01	-2.400000e-01	-1.800000e-05	3.521356e-03	-1.800000e-05	-3.521356e-03	3.539355e-03
-2.300000000000411e-01	-6.590257e-01	-2.300000e-01	-1.800000e-05	3.465159e-03	-1.800000e-05	-3.465159e-03	3.483159e-03
-2.200000000000411e-01	-6.584569e-01	-2.200000e-01	-1.800000e-05	3.391975e-03	-1.800000e-05	-3.391975e-03	3.409975e-03
-2.100000000000410e-01	-6.577020e-01	-2.100000e-01	-1.800000e-05	3.297190e-03	-1.800000e-05	-3.297190e-03	3.315190e-03
-2.000000000000410e-01	-6.567021e-01	-2.000000e-01	-1.800000e-05	3.175584e-03	-1.800000e-05	-3.175584e-03	3.193584e-03
-1.900000000000410e-01	-6.553839e-01	-1.900000e-01	-1.800000e-05	3.021823e-03	-1.800000e-05	-3.021823e-03	3.039823e-03
-1.800000000000410e-01	-6.536596e-01	-1.800000e-01	-1.800000e-05	2.831403e-03	-1.800000e-05	-2.831403e-03	2.849403e-03
-1.700000000000410e-01	-6.514296e-01	-1.700000e-01	-1.800000e-05	2.602085e-03	-1.800000e-05	-2.602085e-03	2.620085e-03
-1.600000000000410e-01	-6.485891e-01	-1.600000e-01	-1.800000e-05	2.335623e-03	-1.800000e-05	-2.335623e-03	2.353623e-03
-1.500000000000410e-01	-6.450387e-01	-1.500000e-01	-1.800000e-05	2.039187e-03	-1.800000e-05	-2.039187e-03	2.057187e-03
-1.400000000000410e-01	-6.406978e-01	-1.400000e-01	-1.800000e-05	1.725636e-03	-1.800000e-05	-1.725636e-03	1.743636e-03
-1.300000000000410e-01	-6.355190e-01	-1.300000e-01	-1.800000e-05	1.411936e-03	-1.800000e-05	-1.411936e-03	1.429936e-03
-1.200000000000410e-01	-6.294983e-01	-1.200000e-01	-1.800000e-05	1.115878e-03	-1.800000e-05	-1.115878e-03	1.133878e-03
-1.100000000000410e-01	-6.226783e-01	-1.100000e-01	-1.800000e-05	8.522258e-04	-1.800000e-05	-8.522258e-04	8.702258e-04
-1.000000000000410e-01	-6.151413e-01	-1.000000e-01	-1.800000e-05	6.299283e-04	-1.800000e-05	-6.299283e-04	6.479283e-04
-9.000000000004099e-02	-6.069953e-01	-9.000000e-02	-1.800000e-05	4.514251e-04	-1.800000e-05	-4.514251e-04	4.694251e-04
-8.000000000004100e-02	-5.983572e-01	-8.000000e-02	-1.800000e-05	3.138882e-04	-1.800000e-05	-3.138882e-04	3.318882e-04
-7.000000000004100e-02	-5.893376e-01	-7.000000e-02	-1.800000e-05	2.113884e-04	-1.800000e-05	-2.113884e-04	2.293884e-04
-6.000000000004100e-02	-5.800323e-01	-6.000000e-02	-1.800000e-05	1.369436e-04	-1.800000e-05	-1.369436e-04	1.549436e-04
-5.000000000004100e-02	-5.705187e-01	-5.000000e-02	-1.800000e-05	8.390678e-05	-1.800000e-05	-8.390678e-05	1.019068e-04
-4.000000000004100e-02	-5.608564e-01	-4.000000e-02	-1.800000e-05	4.664740e-05	-1.800000e-05	-4.664740e-05	6.464741e-05
-3.000000000004099e-02	-5.510893e-01	-3.000000e-02	-1.800000e-05	2.073185e-05	-1.800000e-05	-2.073185e-05	3.873185e-05
-2.000000000004099e-02	-5.412492e-01	-2.000000e-02	-1.800000e-05	2.831813e-06	-1.800000e-05	-2.831813e-06	2.083181e-05
-1.000000000004099e-02	-5.313587e-01	-1.000000e-02	-1.800000e-05	-9.472623e-06	-1.800000e-05	9.472623e-06	8.527377e-06
0.000000000000000e+00	-5.214335e-01	0.000000e+00	-1.800000e-05	-1.790332e-05	-1.800000e-05	1.790332e-05	9.667765e-08
