v1	V(vbb)	V(vcc)	I(V1)	I(V2)	Ib(Q1)	Ic(Q1)	Ie(Q1)
-8.000000000000000e-01	-8.000000e-01	-3.000000e+00	1.127511e-03	1.052340e-01	-1.127511e-03	-1.052340e-01	1.063615e-01
-7.990000000000000e-01	-7.990000e-01	-3.000000e+00	1.103671e-03	1.042705e-01	-1.103671e-03	-1.042705e-01	1.053742e-01
-7.980000000000000e-01	-7.980000e-01	-3.000000e+00	1.080222e-03	1.032993e-01	-1.080222e-03	-1.032993e-01	1.043796e-01
-7.970000000000000e-01	-7.970000e-01	-3.000000e+00	1.057163e-03	1.023208e-01	-1.057163e-03	-1.023208e-01	1.033779e-01
-7.960000000000000e-01	-7.960000e-01	-3.000000e+00	1.034490e-03	1.013349e-01	-1.034490e-03	-1.013349e-01	1.023694e-01
-7.950000000000000e-01	-7.950000e-01	-3.000000e+00	1.012198e-03	1.003421e-01	-1.012198e-03	-1.003421e-01	1.013542e-01
-7.940000000000000e-01	-7.940000e-01	-3.000000e+00	9.902851e-04	9.934234e-02	-9.902851e-04	-9.934234e-02	1.003326e-01
-7.930000000000000e-01	-7.930000e-01	-3.000000e+00	9.687461e-04	9.833598e-02	-9.687461e-04	-9.833598e-02	9.930473e-02
-7.920000000000000e-01	-7.920000e-01	-3.000000e+00	9.475778e-04	9.732322e-02	-9.475778e-04	-9.732322e-02	9.827080e-02
-7.910000000000000e-01	-7.910000e-01	-3.000000e+00	9.267760e-04	9.630426e-02	-9.267760e-04	-9.630426e-02	9.723104e-02
-7.900000000000000e-01	-7.900000e-01	-3.000000e+00	9.063371e-04	9.527934e-02	-9.063371e-04	-9.527934e-02	9.618568e-02
-7.890000000000000e-01	-7.890000e-01	-3.000000e+00	8.862569e-04	9.424871e-02	-8.862569e-04	-9.424871e-02	9.513497e-02
-7.880000000000000e-01	-7.880000e-01	-3.000000e+00	8.665314e-04	9.321260e-02	-8.665314e-04	-9.321260e-02	9.407913e-02
-7.870000000000000e-01	-7.870000e-01	-3.000000e+00	8.471566e-04	9.217126e-02	-8.471566e-04	-9.217126e-02	9.301841e-02
-7.860000000000000e-01	-7.860000e-01	-3.000000e+00	8.281283e-04	9.112495e-02	-8.281283e-04	-9.112495e-02	9.195308e-02
-7.850000000000000e-01	-7.850000e-01	-3.000000e+00	8.094425e-04	9.007394e-02	-8.094425e-04	-9.007394e-02	9.088338e-02
-7.840000000000000e-01	-7.840000e-01	-3.000000e+00	7.910951e-04	8.901849e-02	-7.910951e-04	-8.901849e-02	8.980958e-02
-7.830000000000000e-01	-7.830000e-01	-3.000000e+00	7.730818e-04	8.795887e-02	-7.730818e-04	-8.795887e-02	8.873195e-02
-7.820000000000000e-01	-7.820000e-01	-3.000000e+00	7.553984e-04	8.689538e-02	-7.553984e-04	-8.689538e-02	8.765078e-02
-7.810000000000000e-01	-7.810000e-01	-3.000000e+00	7.380409e-04	8.582827e-02	-7.380409e-04	-8.582827e-02	8.656632e-02
-7.800000000000000e-01	-7.800000e-01	-3.000000e+00	7.210050e-04	8.475787e-02	-7.210050e-04	-8.475787e-02	8.547887e-02
-7.790000000000000e-01	-7.790000e-01	-3.000000e+00	7.042864e-04	8.368445e-02	-7.042864e-04	-8.368445e-02	8.438873e-02
-7.780000000000000e-01	-7.780000e-01	-3.000000e+00	6.878811e-04	8.260831e-02	-6.878811e-04	-8.260831e-02	8.329619e-02
-7.770000000000000e-01	-7.770000e-01	-3.000000e+00	6.717848e-04	8.152976e-02	-6.717848e-04	-8.152976e-02	8.220154e-02
-7.760000000000000e-01	-7.760000e-01	-3.000000e+00	6.559933e-04	8.044910e-02	-6.559933e-04	-8.044910e-02	8.110509e-02
-7.750000000000000e-01	-7.750000e-01	-3.000000e+00	6.405024e-04	7.936665e-02	-6.405024e-04	-7.936665e-02	8.000715e-02
-7.740000000000000e-01	-7.740000e-01	-3.000000e+00	6.253081e-04	7.828271e-02	-6.253081e-04	-7.828271e-02	7.890802e-02
-7.730000000000000e-01	-7.730000e-01	-3.000000e+00	6.104060e-04	7.719761e-02	-6.104060e-04	-7.719761e-02	7.780802e-02
-7.720000000000000e-01	-7.720000e-01	-3.000000e+00	5.957920e-04	7.611167e-02	-5.957920e-04	-7.611167e-02	7.670747e-02
-7.710000000000000e-01	-7.710000e-01	-3.000000e+00	5.814622e-04	7.502522e-02	-5.814622e-04	-7.502522e-02	7.560668e-02
-7.700000000000000e-01	-7.700000e-01	-3.000000e+00	5.674122e-04	7.393857e-02	-5.674122e-04	-7.393857e-02	7.450598e-02
-7.690000000000000e-01	-7.690000e-01	-3.000000e+00	5.536382e-04	7.285205e-02	-5.536382e-04	-7.285205e-02	7.340569e-02
-7.680000000000000e-01	-7.680000e-01	-3.000000e+00	5.401360e-04	7.176600e-02	-5.401360e-04	-7.176600e-02	7.230614e-02
-7.670000000000000e-01	-7.670000e-01	-3.000000e+00	5.269016e-04	7.068076e-02	-5.269016e-04	-7.068076e-02	7.120766e-02
-7.660000000000000e-01	-7.660000e-01	-3.000000e+00	5.139310e-04	6.959664e-02	-5.139310e-04	-6.959664e-02	7.011057e-02
-7.650000000000000e-01	-7.650000e-01	-3.000000e+00	5.012203e-04	6.851399e-02	-5.012203e-04	-6.851399e-02	6.901521e-02
-7.640000000000000e-01	-7.640000e-01	-3.000000e+00	4.887655e-04	6.743314e-02	-4.887655e-04	-6.743314e-02	6.792191e-02
-7.630000000000000e-01	-7.630000e-01	-3.000000e+00	4.765628e-04	6.635443e-02	-4.765628e-04	-6.635443e-02	6.683099e-02
-7.620000000000000e-01	-7.620000e-01	-3.000000e+00	4.646083e-04	6.527819e-02	-4.646083e-04	-6.527819e-02	6.574281e-02
-7.610000000000000e-01	-7.610000e-01	-3.000000e+00	4.528981e-04	6.420477e-02	-4.528981e-04	-6.420477e-02	6.465767e-02
-7.600000000000000e-01	-7.600000e-01	-3.000000e+00	4.414285e-04	6.313449e-02	-4.414285e-04	-6.313449e-02	6.357592e-02
-7.590000000000000e-01	-7.590000e-01	-3.000000e+00	4.301958e-04	6.206769e-02	-4.301958e-04	-6.206769e-02	6.249789e-02
-7.580000000000000e-01	-7.580000e-01	-3.000000e+00	4.191961e-04	6.100471e-02	-4.191961e-04	-6.100471e-02	6.142390e-02
-7.570000000000000e-01	-7.570000e-01	-3.000000e+00	4.084260e-04	5.994587e-02	-4.084260e-04	-5.994587e-02	6.035429e-02
-7.560000000000000e-01	-7.560000e-01	-3.000000e+00	3.978818e-04	5.889151e-02	-3.978818e-04	-5.889151e-02	5.928938e-02
-7.550000000000000e-01	-7.550000e-01	-3.000000e+00	3.875598e-04	5.784195e-02	-3.875598e-04	-5.784195e-02	5.822951e-02
-7.540000000000000e-01	-7.540000e-01	-3.000000e+00	3.774565e-04	5.679753e-02	-3.774565e-04	-5.679753e-02	5.717498e-02
-7.530000000000000e-01	-7.530000e-01	-3.000000e+00	3.675685e-04	5.575856e-02	-3.675685e-04	-5.575856e-02	5.612613e-02
-7.520000000000000e-01	-7.520000e-01	-3.000000e+00	3.578922e-04	5.472537e-02	-3.578922e-04	-5.472537e-02	5.508326e-02
-7.510000000000000e-01	-7.510000e-01	-3.000000e+00	3.484243e-04	5.369828e-02	-3.484243e-04	-5.369828e-02	5.404670e-02
-7.500000000000000e-01	-7.500000e-01	-3.000000e+00	3.391614e-04	5.267759e-02	-3.391614e-04	-5.267759e-02	5.301675e-02
-7.490000000000000e-01	-7.490000e-01	-3.000000e+00	3.301001e-04	5.166362e-02	-3.301001e-04	-5.166362e-02	5.199372e-02
-7.480000000000000e-01	-7.480000e-01	-3.000000e+00	3.212372e-04	5.065667e-02	-3.212372e-04	-5.065667e-02	5.097790e-02
-7.470000000000000e-01	-7.470000e-01	-3.000000e+00	3.125694e-04	4.965704e-02	-3.125694e-04	-4.965704e-02	4.996961e-02
-7.460000000000000e-01	-7.460000e-01	-3.000000e+00	3.040935e-04	4.866504e-02	-3.040935e-04	-4.866504e-02	4.896913e-02
-7.450000000000000e-01	-7.450000e-01	-3.000000e+00	2.958063e-04	4.768094e-02	-2.958063e-04	-4.768094e-02	4.797674e-02
-7.440000000000000e-01	-7.440000e-01	-3.000000e+00	2.877046e-04	4.670503e-02	-2.877046e-04	-4.670503e-02	4.699273e-02
-7.430000000000000e-01	-7.430000e-01	-3.000000e+00	2.797855e-04	4.573759e-02	-2.797855e-04	-4.573759e-02	4.601738e-02
-7.420000000000000e-01	-7.420000e-01	-3.000000e+00	2.720459e-04	4.477890e-02	-2.720459e-04	-4.477890e-02	4.505095e-02
-7.410000000000000e-01	-7.410000e-01	-3.000000e+00	2.644826e-04	4.382921e-02	-2.644826e-04	-4.382921e-02	4.409369e-02
-7.400000000000000e-01	-7.400000e-01	-3.000000e+00	2.570928e-04	4.288879e-02	-2.570928e-04	-4.288879e-02	4.314588e-02
-7.390000000000000e-01	-7.390000e-01	-3.000000e+00	2.498736e-04	4.195788e-02	-2.498736e-04	-4.195788e-02	4.220776e-02
-7.380000000000000e-01	-7.380000e-01	-3.000000e+00	2.428219e-04	4.103673e-02	-2.428219e-04	-4.103673e-02	4.127955e-02
-7.370000000000000e-01	-7.370000e-01	-3.000000e+00	2.359350e-04	4.012557e-02	-2.359350e-04	-4.012557e-02	4.036151e-02
-7.360000000000000e-01	-7.360000e-01	-3.000000e+00	2.292100e-04	3.922464e-02	-2.292100e-04	-3.922464e-02	3.945385e-02
-7.350000000000000e-01	-7.350000e-01	-3.000000e+00	2.226441e-04	3.833414e-02	-2.226441e-04	-3.833414e-02	3.855678e-02
-7.340000000000000e-01	-7.340000e-01	-3.000000e+00	2.162345e-04	3.745428e-02	-2.162345e-04	-3.745428e-02	3.767052e-02
-7.330000000000000e-01	-7.330000e-01	-3.000000e+00	2.099786e-04	3.658528e-02	-2.099786e-04	-3.658528e-02	3.679526e-02
-7.320000000000000e-01	-7.320000e-01	-3.000000e+00	2.038735e-04	3.572731e-02	-2.038735e-04	-3.572731e-02	3.593118e-02
-7.310000000000000e-01	-7.310000e-01	-3.000000e+00	1.979167e-04	3.488056e-02	-1.979167e-04	-3.488056e-02	3.507847e-02
-7.300000000000000e-01	-7.300000e-01	-3.000000e+00	1.921055e-04	3.404520e-02	-1.921055e-04	-3.404520e-02	3.423730e-02
-7.290000000000000e-01	-7.290000e-01	-3.000000e+00	1.864372e-04	3.322139e-02	-1.864372e-04	-3.322139e-02	3.340782e-02
-7.280000000000000e-01	-7.280000e-01	-3.000000e+00	1.809094e-04	3.240928e-02	-1.809094e-04	-3.240928e-02	3.259019e-02
-7.270000000000000e-01	-7.270000e-01	-3.000000e+00	1.755194e-04	3.160901e-02	-1.755194e-04	-3.160901e-02	3.178453e-02
-7.260000000000000e-01	-7.260000e-01	-3.000000e+00	1.702648e-04	3.082072e-02	-1.702648e-04	-3.082072e-02	3.099098e-02
-7.250000000000000e-01	-7.250000e-01	-3.000000e+00	1.651429e-04	3.004452e-02	-1.651429e-04	-3.004452e-02	3.020966e-02
-7.240000000000000e-01	-7.240000e-01	-3.000000e+00	1.601515e-04	2.928052e-02	-1.601515e-04	-2.928052e-02	2.944067e-02
-7.230000000000000e-01	-7.230000e-01	-3.000000e+00	1.552879e-04	2.852882e-02	-1.552879e-04	-2.852882e-02	2.868410e-02
-7.220000000000000e-01	-7.220000e-01	-3.000000e+00	1.505498e-04	2.778950e-02	-1.505498e-04	-2.778950e-02	2.794005e-02
-7.210000000000000e-01	-7.210000e-01	-3.000000e+00	1.459348e-04	2.706265e-02	-1.459348e-04	-2.706265e-02	2.720859e-02
-7.200000000000000e-01	-7.200000e-01	-3.000000e+00	1.414406e-04	2.634833e-02	-1.414406e-04	-2.634833e-02	2.648977e-02
-7.190000000000000e-01	-7.190000e-01	-3.000000e+00	1.370647e-04	2.564658e-02	-1.370647e-04	-2.564658e-02	2.578365e-02
-7.180000000000000e-01	-7.180000e-01	-3.000000e+00	1.328049e-04	2.495747e-02	-1.328049e-04	-2.495747e-02	2.509027e-02
-7.170000000000000e-01	-7.170000e-01	-3.000000e+00	1.286589e-04	2.428101e-02	-1.286589e-04	-2.428101e-02	2.440966e-02
-7.160000000000000e-01	-7.160000e-01	-3.000000e+00	1.246243e-04	2.361722e-02	-1.246243e-04	-2.361722e-02	2.374185e-02
-7.150000000000000e-01	-7.150000e-01	-3.000000e+00	1.206990e-04	2.296613e-02	-1.206990e-04	-2.296613e-02	2.308683e-02
-7.140000000000000e-01	-7.140000e-01	-3.000000e+00	1.168807e-04	2.232773e-02	-1.168807e-04	-2.232773e-02	2.244461e-02
-7.130000000000000e-01	-7.130000e-01	-3.000000e+00	1.131672e-04	2.170201e-02	-1.131672e-04	-2.170201e-02	2.181518e-02
-7.120000000000000e-01	-7.120000e-01	-3.000000e+00	1.095563e-04	2.108894e-02	-1.095563e-04	-2.108894e-02	2.119850e-02
-7.110000000000000e-01	-7.110000e-01	-3.000000e+00	1.060460e-04	2.048851e-02	-1.060460e-04	-2.048851e-02	2.059455e-02
-7.100000000000000e-01	-7.100000e-01	-3.000000e+00	1.026339e-04	1.990066e-02	-1.026339e-04	-1.990066e-02	2.000329e-02
-7.090000000000000e-01	-7.090000e-01	-3.000000e+00	9.931807e-05	1.932534e-02	-9.931807e-05	-1.932534e-02	1.942466e-02
-7.080000000000000e-01	-7.080000e-01	-3.000000e+00	9.609636e-05	1.876250e-02	-9.609636e-05	-1.876250e-02	1.885860e-02
-7.070000000000000e-01	-7.070000e-01	-3.000000e+00	9.296671e-05	1.821207e-02	-9.296671e-05	-1.821207e-02	1.830503e-02
-7.060000000000000e-01	-7.060000e-01	-3.000000e+00	8.992710e-05	1.767396e-02	-8.992710e-05	-1.767396e-02	1.776389e-02
-7.050000000000000e-01	-7.050000e-01	-3.000000e+00	8.697547e-05	1.714810e-02	-8.697547e-05	-1.714810e-02	1.723507e-02
-7.040000000000000e-01	-7.040000e-01	-3.000000e+00	8.410985e-05	1.663438e-02	-8.410985e-05	-1.663438e-02	1.671849e-02
-7.030000000000000e-01	-7.030000e-01	-3.000000e+00	8.132826e-05	1.613270e-02	-8.132826e-05	-1.613270e-02	1.621403e-02
-7.020000000000000e-01	-7.020000e-01	-3.000000e+00	7.862875e-05	1.564295e-02	-7.862875e-05	-1.564295e-02	1.572158e-02
-7.010000000000000e-01	-7.010000e-01	-3.000000e+00	7.600939e-05	1.516502e-02	-7.600939e-05	-1.516502e-02	1.524103e-02
-7.000000000000000e-01	-7.000000e-01	-3.000000e+00	7.346829e-05	1.469877e-02	-7.346829e-05	-1.469877e-02	1.477224e-02
-6.990000000000000e-01	-6.990000e-01	-3.000000e+00	7.100357e-05	1.424408e-02	-7.100357e-05	-1.424408e-02	1.431508e-02
-6.980000000000000e-01	-6.980000e-01	-3.000000e+00	6.861336e-05	1.380081e-02	-6.861336e-05	-1.380081e-02	1.386942e-02
-6.970000000000000e-01	-6.970000e-01	-3.000000e+00	6.629587e-05	1.336880e-02	-6.629587e-05	-1.336880e-02	1.343510e-02
-6.960000000000000e-01	-6.960000e-01	-3.000000e+00	6.404927e-05	1.294792e-02	-6.404927e-05	-1.294792e-02	1.301197e-02
-6.950000000000000e-01	-6.950000e-01	-3.000000e+00	6.187180e-05	1.253801e-02	-6.187180e-05	-1.253801e-02	1.259988e-02
-6.940000000000000e-01	-6.940000e-01	-3.000000e+00	5.976170e-05	1.213891e-02	-5.976170e-05	-1.213891e-02	1.219867e-02
-6.929999999999999e-01	-6.930000e-01	-3.000000e+00	5.771727e-05	1.175045e-02	-5.771727e-05	-1.175045e-02	1.180816e-02
-6.919999999999999e-01	-6.920000e-01	-3.000000e+00	5.573679e-05	1.137246e-02	-5.573679e-05	-1.137246e-02	1.142820e-02
-6.909999999999999e-01	-6.910000e-01	-3.000000e+00	5.381860e-05	1.100478e-02	-5.381860e-05	-1.100478e-02	1.105860e-02
-6.899999999999999e-01	-6.900000e-01	-3.000000e+00	5.196107e-05	1.064723e-02	-5.196107e-05	-1.064723e-02	1.069919e-02
-6.889999999999999e-01	-6.890000e-01	-3.000000e+00	5.016257e-05	1.029963e-02	-5.016257e-05	-1.029963e-02	1.034980e-02
-6.879999999999999e-01	-6.880000e-01	-3.000000e+00	4.842152e-05	9.961807e-03	-4.842152e-05	-9.961807e-03	1.001023e-02
-6.869999999999999e-01	-6.870000e-01	-3.000000e+00	4.673636e-05	9.633569e-03	-4.673636e-05	-9.633569e-03	9.680306e-03
-6.859999999999999e-01	-6.860000e-01	-3.000000e+00	4.510556e-05	9.314735e-03	-4.510556e-05	-9.314735e-03	9.359841e-03
-6.849999999999999e-01	-6.850000e-01	-3.000000e+00	4.352763e-05	9.005122e-03	-4.352763e-05	-9.005122e-03	9.048650e-03
-6.839999999999999e-01	-6.840000e-01	-3.000000e+00	4.200107e-05	8.704540e-03	-4.200107e-05	-8.704540e-03	8.746542e-03
-6.829999999999999e-01	-6.830000e-01	-3.000000e+00	4.052445e-05	8.412804e-03	-4.052445e-05	-8.412804e-03	8.453328e-03
-6.819999999999999e-01	-6.820000e-01	-3.000000e+00	3.909635e-05	8.129723e-03	-3.909635e-05	-8.129723e-03	8.168820e-03
-6.809999999999999e-01	-6.810000e-01	-3.000000e+00	3.771538e-05	7.855112e-03	-3.771538e-05	-7.855112e-03	7.892828e-03
-6.799999999999999e-01	-6.800000e-01	-3.000000e+00	3.638018e-05	7.588780e-03	-3.638018e-05	-7.588780e-03	7.625160e-03
-6.789999999999999e-01	-6.790000e-01	-3.000000e+00	3.508941e-05	7.330539e-03	-3.508941e-05	-7.330539e-03	7.365629e-03
-6.779999999999999e-01	-6.780000e-01	-3.000000e+00	3.384178e-05	7.080203e-03	-3.384178e-05	-7.080203e-03	7.114045e-03
-6.769999999999999e-01	-6.770000e-01	-3.000000e+00	3.263600e-05	6.837585e-03	-3.263600e-05	-6.837585e-03	6.870220e-03
-6.759999999999999e-01	-6.760000e-01	-3.000000e+00	3.147082e-05	6.602498e-03	-3.147082e-05	-6.602498e-03	6.633969e-03
-6.749999999999999e-01	-6.750000e-01	-3.000000e+00	3.034504e-05	6.374759e-03	-3.034504e-05	-6.374759e-03	6.405104e-03
-6.739999999999999e-01	-6.740000e-01	-3.000000e+00	2.925744e-05	6.154184e-03	-2.925744e-05	-6.154184e-03	6.183442e-03
-6.729999999999999e-01	-6.730000e-01	-3.000000e+00	2.820688e-05	5.940594e-03	-2.820688e-05	-5.940594e-03	5.968800e-03
-6.719999999999999e-01	-6.720000e-01	-3.000000e+00	2.719222e-05	5.733807e-03	-2.719222e-05	-5.733807e-03	5.760999e-03
-6.709999999999999e-01	-6.710000e-01	-3.000000e+00	2.621234e-05	5.533647e-03	-2.621234e-05	-5.533647e-03	5.559859e-03
-6.699999999999999e-01	-6.700000e-01	-3.000000e+00	2.526616e-05	5.339938e-03	-2.526616e-05	-5.339938e-03	5.365204e-03
-6.689999999999999e-01	-6.690000e-01	-3.000000e+00	2.435263e-05	5.152507e-03	-2.435263e-05	-5.152507e-03	5.176860e-03
-6.679999999999999e-01	-6.680000e-01	-3.000000e+00	2.347072e-05	4.971185e-03	-2.347072e-05	-4.971185e-03	4.994655e-03
-6.669999999999999e-01	-6.670000e-01	-3.000000e+00	2.261943e-05	4.795802e-03	-2.261943e-05	-4.795802e-03	4.818421e-03
-6.659999999999999e-01	-6.660000e-01	-3.000000e+00	2.179778e-05	4.626193e-03	-2.179778e-05	-4.626193e-03	4.647991e-03
-6.649999999999999e-01	-6.650000e-01	-3.000000e+00	2.100482e-05	4.462196e-03	-2.100482e-05	-4.462196e-03	4.483201e-03
-6.639999999999999e-01	-6.640000e-01	-3.000000e+00	2.023962e-05	4.303650e-03	-2.023962e-05	-4.303650e-03	4.323890e-03
-6.629999999999999e-01	-6.630000e-01	-3.000000e+00	1.950129e-05	4.150399e-03	-1.950129e-05	-4.150399e-03	4.169901e-03
-6.619999999999999e-01	-6.620000e-01	-3.000000e+00	1.878895e-05	4.002289e-03	-1.878895e-05	-4.002289e-03	4.021078e-03
-6.609999999999999e-01	-6.610000e-01	-3.000000e+00	1.810175e-05	3.859168e-03	-1.810175e-05	-3.859168e-03	3.877270e-03
-6.599999999999999e-01	-6.600000e-01	-3.000000e+00	1.743886e-05	3.720888e-03	-1.743886e-05	-3.720888e-03	3.738327e-03
-6.589999999999999e-01	-6.590000e-01	-3.000000e+00	1.679948e-05	3.587305e-03	-1.679948e-05	-3.587305e-03	3.604105e-03
-6.579999999999999e-01	-6.580000e-01	-3.000000e+00	1.618282e-05	3.458276e-03	-1.618282e-05	-3.458276e-03	3.474459e-03
-6.569999999999999e-01	-6.570000e-01	-3.000000e+00	1.558812e-05	3.333663e-03	-1.558812e-05	-3.333663e-03	3.349251e-03
-6.559999999999999e-01	-6.560000e-01	-3.000000e+00	1.501466e-05	3.213329e-03	-1.501466e-05	-3.213329e-03	3.228344e-03
-6.549999999999999e-01	-6.550000e-01	-3.000000e+00	1.446171e-05	3.097143e-03	-1.446171e-05	-3.097143e-03	3.111605e-03
-6.539999999999999e-01	-6.540000e-01	-3.000000e+00	1.392858e-05	2.984975e-03	-1.392858e-05	-2.984975e-03	2.998903e-03
-6.529999999999999e-01	-6.530000e-01	-3.000000e+00	1.341460e-05	2.876698e-03	-1.341460e-05	-2.876698e-03	2.890112e-03
-6.519999999999999e-01	-6.520000e-01	-3.000000e+00	1.291911e-05	2.772189e-03	-1.291911e-05	-2.772189e-03	2.785109e-03
-6.509999999999999e-01	-6.510000e-01	-3.000000e+00	1.244149e-05	2.671329e-03	-1.244149e-05	-2.671329e-03	2.683771e-03
-6.499999999999999e-01	-6.500000e-01	-3.000000e+00	1.198111e-05	2.574000e-03	-1.198111e-05	-2.574000e-03	2.585981e-03
-6.489999999999999e-01	-6.490000e-01	-3.000000e+00	1.153739e-05	2.480089e-03	-1.153739e-05	-2.480089e-03	2.491626e-03
-6.479999999999999e-01	-6.480000e-01	-3.000000e+00	1.110975e-05	2.389483e-03	-1.110975e-05	-2.389483e-03	2.400593e-03
-6.469999999999999e-01	-6.470000e-01	-3.000000e+00	1.069763e-05	2.302076e-03	-1.069763e-05	-2.302076e-03	2.312774e-03
-6.459999999999999e-01	-6.460000e-01	-3.000000e+00	1.030048e-05	2.217762e-03	-1.030048e-05	-2.217762e-03	2.228063e-03
-6.449999999999999e-01	-6.450000e-01	-3.000000e+00	9.917803e-06	2.136439e-03	-9.917803e-06	-2.136439e-03	2.146357e-03
-6.439999999999999e-01	-6.440000e-01	-3.000000e+00	9.549072e-06	2.058008e-03	-9.549072e-06	-2.058008e-03	2.067557e-03
-6.429999999999999e-01	-6.430000e-01	-3.000000e+00	9.193804e-06	1.982372e-03	-9.193804e-06	-1.982372e-03	1.991566e-03
-6.419999999999999e-01	-6.420000e-01	-3.000000e+00	8.851523e-06	1.909438e-03	-8.851523e-06	-1.909438e-03	1.918290e-03
-6.409999999999999e-01	-6.410000e-01	-3.000000e+00	8.521773e-06	1.839115e-03	-8.521773e-06	-1.839115e-03	1.847637e-03
-6.399999999999999e-01	-6.400000e-01	-3.000000e+00	8.204108e-06	1.771314e-03	-8.204108e-06	-1.771314e-03	1.779518e-03
-6.389999999999999e-01	-6.390000e-01	-3.000000e+00	7.898101e-06	1.705950e-03	-7.898101e-06	-1.705950e-03	1.713848e-03
-6.379999999999999e-01	-6.380000e-01	-3.000000e+00	7.603337e-06	1.642939e-03	-7.603337e-06	-1.642939e-03	1.650542e-03
-6.369999999999999e-01	-6.370000e-01	-3.000000e+00	7.319414e-06	1.582201e-03	-7.319414e-06	-1.582201e-03	1.589520e-03
-6.359999999999999e-01	-6.360000e-01	-3.000000e+00	7.045947e-06	1.523658e-03	-7.045947e-06	-1.523658e-03	1.530704e-03
-6.349999999999999e-01	-6.350000e-01	-3.000000e+00	6.782560e-06	1.467235e-03	-6.782560e-06	-1.467235e-03	1.474017e-03
-6.339999999999999e-01	-6.340000e-01	-3.000000e+00	6.528892e-06	1.412857e-03	-6.528892e-06	-1.412857e-03	1.419386e-03
-6.329999999999999e-01	-6.330000e-01	-3.000000e+00	6.284593e-06	1.360454e-03	-6.284593e-06	-1.360454e-03	1.366739e-03
-6.319999999999999e-01	-6.320000e-01	-3.000000e+00	6.049326e-06	1.309957e-03	-6.049326e-06	-1.309957e-03	1.316007e-03
-6.309999999999999e-01	-6.310000e-01	-3.000000e+00	5.822765e-06	1.261300e-03	-5.822765e-06	-1.261300e-03	1.267122e-03
-6.299999999999999e-01	-6.300000e-01	-3.000000e+00	5.604595e-06	1.214417e-03	-5.604595e-06	-1.214417e-03	1.220022e-03
-6.289999999999999e-01	-6.290000e-01	-3.000000e+00	5.394512e-06	1.169247e-03	-5.394512e-06	-1.169247e-03	1.174641e-03
-6.279999999999999e-01	-6.280000e-01	-3.000000e+00	5.192224e-06	1.125729e-03	-5.192224e-06	-1.125729e-03	1.130921e-03
-6.269999999999999e-01	-6.270000e-01	-3.000000e+00	4.997446e-06	1.083804e-03	-4.997446e-06	-1.083804e-03	1.088802e-03
-6.259999999999999e-01	-6.260000e-01	-3.000000e+00	4.809905e-06	1.043417e-03	-4.809905e-06	-1.043417e-03	1.048227e-03
-6.249999999999999e-01	-6.250000e-01	-3.000000e+00	4.629338e-06	1.004513e-03	-4.629338e-06	-1.004513e-03	1.009142e-03
-6.239999999999999e-01	-6.240000e-01	-3.000000e+00	4.455490e-06	9.670379e-04	-4.455490e-06	-9.670379e-04	9.714934e-04
-6.229999999999999e-01	-6.230000e-01	-3.000000e+00	4.288116e-06	9.309419e-04	-4.288116e-06	-9.309419e-04	9.352301e-04
-6.219999999999999e-01	-6.220000e-01	-3.000000e+00	4.126978e-06	8.961753e-04	-4.126978e-06	-8.961753e-04	9.003023e-04
-6.209999999999999e-01	-6.210000e-01	-3.000000e+00	3.971847e-06	8.626906e-04	-3.971847e-06	-8.626906e-04	8.666624e-04
-6.199999999999999e-01	-6.200000e-01	-3.000000e+00	3.822505e-06	8.304415e-04	-3.822505e-06	-8.304415e-04	8.342640e-04
-6.189999999999999e-01	-6.190000e-01	-3.000000e+00	3.678737e-06	7.993836e-04	-3.678737e-06	-7.993836e-04	8.030624e-04
-6.179999999999999e-01	-6.180000e-01	-3.000000e+00	3.540339e-06	7.694741e-04	-3.540339e-06	-7.694741e-04	7.730144e-04
-6.169999999999999e-01	-6.170000e-01	-3.000000e+00	3.407113e-06	7.406713e-04	-3.407113e-06	-7.406713e-04	7.440784e-04
-6.159999999999999e-01	-6.160000e-01	-3.000000e+00	3.278868e-06	7.129352e-04	-3.278868e-06	-7.129352e-04	7.162141e-04
-6.149999999999999e-01	-6.150000e-01	-3.000000e+00	3.155421e-06	6.862272e-04	-3.155421e-06	-6.862272e-04	6.893827e-04
-6.139999999999999e-01	-6.140000e-01	-3.000000e+00	3.036594e-06	6.605100e-04	-3.036594e-06	-6.605100e-04	6.635466e-04
-6.129999999999999e-01	-6.130000e-01	-3.000000e+00	2.922217e-06	6.357474e-04	-2.922217e-06	-6.357474e-04	6.386696e-04
-6.119999999999999e-01	-6.120000e-01	-3.000000e+00	2.812124e-06	6.119047e-04	-2.812124e-06	-6.119047e-04	6.147168e-04
-6.109999999999999e-01	-6.110000e-01	-3.000000e+00	2.706158e-06	5.889484e-04	-2.706158e-06	-5.889484e-04	5.916546e-04
-6.099999999999999e-01	-6.100000e-01	-3.000000e+00	2.604164e-06	5.668461e-04	-2.604164e-06	-5.668461e-04	5.694502e-04
-6.089999999999999e-01	-6.090000e-01	-3.000000e+00	2.505997e-06	5.455665e-04	-2.505997e-06	-5.455665e-04	5.480725e-04
-6.079999999999999e-01	-6.080000e-01	-3.000000e+00	2.411513e-06	5.250795e-04	-2.411513e-06	-5.250795e-04	5.274910e-04
-6.069999999999999e-01	-6.070000e-01	-3.000000e+00	2.320575e-06	5.053560e-04	-2.320575e-06	-5.053560e-04	5.076766e-04
-6.059999999999999e-01	-6.060000e-01	-3.000000e+00	2.233053e-06	4.863681e-04	-2.233053e-06	-4.863681e-04	4.886012e-04
-6.049999999999999e-01	-6.050000e-01	-3.000000e+00	2.148818e-06	4.680886e-04	-2.148818e-06	-4.680886e-04	4.702375e-04
-6.039999999999999e-01	-6.040000e-01	-3.000000e+00	2.067748e-06	4.504916e-04	-2.067748e-06	-4.504916e-04	4.525593e-04
-6.029999999999999e-01	-6.030000e-01	-3.000000e+00	1.989726e-06	4.335518e-04	-1.989726e-06	-4.335518e-04	4.355415e-04
-6.019999999999999e-01	-6.020000e-01	-3.000000e+00	1.914637e-06	4.172450e-04	-1.914637e-06	-4.172450e-04	4.191597e-04
-6.009999999999999e-01	-6.010000e-01	-3.000000e+00	1.842373e-06	4.015479e-04	-1.842373e-06	-4.015479e-04	4.033903e-04
-5.999999999999999e-01	-6.000000e-01	-3.000000e+00	1.772827e-06	3.864380e-04	-1.772827e-06	-3.864380e-04	3.882108e-04
-5.989999999999999e-01	-5.990000e-01	-3.000000e+00	1.705898e-06	3.718935e-04	-1.705898e-06	-3.718935e-04	3.735994e-04
-5.979999999999999e-01	-5.980000e-01	-3.000000e+00	1.641489e-06	3.578934e-04	-1.641489e-06	-3.578934e-04	3.595349e-04
-5.969999999999999e-01	-5.970000e-01	-3.000000e+00	1.579505e-06	3.444178e-04	-1.579505e-06	-3.444178e-04	3.459973e-04
-5.959999999999999e-01	-5.960000e-01	-3.000000e+00	1.519855e-06	3.314470e-04	-1.519855e-06	-3.314470e-04	3.329668e-04
-5.949999999999999e-01	-5.950000e-01	-3.000000e+00	1.462452e-06	3.189623e-04	-1.462452e-06	-3.189623e-04	3.204248e-04
-5.939999999999999e-01	-5.940000e-01	-3.000000e+00	1.407212e-06	3.069458e-04	-1.407212e-06	-3.069458e-04	3.083530e-04
-5.929999999999999e-01	-5.930000e-01	-3.000000e+00	1.354054e-06	2.953800e-04	-1.354054e-06	-2.953800e-04	2.967341e-04
-5.919999999999999e-01	-5.920000e-01	-3.000000e+00	1.302899e-06	2.842482e-04	-1.302899e-06	-2.842482e-04	2.855511e-04
-5.909999999999999e-01	-5.910000e-01	-3.000000e+00	1.253673e-06	2.735341e-04	-1.253673e-06	-2.735341e-04	2.747878e-04
-5.899999999999999e-01	-5.900000e-01	-3.000000e+00	1.206303e-06	2.632223e-04	-1.206303e-06	-2.632223e-04	2.644286e-04
-5.889999999999999e-01	-5.890000e-01	-3.000000e+00	1.160720e-06	2.532979e-04	-1.160720e-06	-2.532979e-04	2.544586e-04
-5.879999999999999e-01	-5.880000e-01	-3.000000e+00	1.116856e-06	2.437462e-04	-1.116856e-06	-2.437462e-04	2.448630e-04
-5.869999999999999e-01	-5.870000e-01	-3.000000e+00	1.074647e-06	2.345534e-04	-1.074647e-06	-2.345534e-04	2.356281e-04
-5.859999999999999e-01	-5.860000e-01	-3.000000e+00	1.034031e-06	2.257062e-04	-1.034031e-06	-2.257062e-04	2.267402e-04
-5.849999999999999e-01	-5.850000e-01	-3.000000e+00	9.949473e-07	2.171916e-04	-9.949473e-07	-2.171916e-04	2.181866e-04
-5.839999999999999e-01	-5.840000e-01	-3.000000e+00	9.573391e-07	2.089973e-04	-9.573391e-07	-2.089973e-04	2.099546e-04
-5.829999999999999e-01	-5.830000e-01	-3.000000e+00	9.211506e-07	2.011111e-04	-9.211506e-07	-2.011111e-04	2.020323e-04
-5.819999999999999e-01	-5.820000e-01	-3.000000e+00	8.863284e-07	1.935217e-04	-8.863284e-07	-1.935217e-04	1.944080e-04
-5.809999999999998e-01	-5.810000e-01	-3.000000e+00	8.528211e-07	1.862179e-04	-8.528211e-07	-1.862179e-04	1.870707e-04
-5.799999999999998e-01	-5.800000e-01	-3.000000e+00	8.205792e-07	1.791890e-04	-8.205792e-07	-1.791890e-04	1.800095e-04
-5.789999999999998e-01	-5.790000e-01	-3.000000e+00	7.895550e-07	1.724247e-04	-7.895550e-07	-1.724247e-04	1.732143e-04
-5.779999999999998e-01	-5.780000e-01	-3.000000e+00	7.597028e-07	1.659152e-04	-7.597028e-07	-1.659152e-04	1.666749e-04
-5.769999999999998e-01	-5.770000e-01	-3.000000e+00	7.309783e-07	1.596508e-04	-7.309783e-07	-1.596508e-04	1.603818e-04
-5.759999999999998e-01	-5.760000e-01	-3.000000e+00	7.033391e-07	1.536224e-04	-7.033391e-07	-1.536224e-04	1.543257e-04
-5.749999999999998e-01	-5.750000e-01	-3.000000e+00	6.767442e-07	1.478211e-04	-6.767442e-07	-1.478211e-04	1.484978e-04
-5.739999999999998e-01	-5.740000e-01	-3.000000e+00	6.511543e-07	1.422384e-04	-6.511543e-07	-1.422384e-04	1.428896e-04
-5.729999999999998e-01	-5.730000e-01	-3.000000e+00	6.265315e-07	1.368662e-04	-6.265315e-07	-1.368662e-04	1.374927e-04
-5.719999999999998e-01	-5.720000e-01	-3.000000e+00	6.028393e-07	1.316964e-04	-6.028393e-07	-1.316964e-04	1.322993e-04
-5.709999999999998e-01	-5.710000e-01	-3.000000e+00	5.800426e-07	1.267216e-04	-5.800426e-07	-1.267216e-04	1.273016e-04
-5.699999999999998e-01	-5.700000e-01	-3.000000e+00	5.581078e-07	1.219343e-04	-5.581078e-07	-1.219343e-04	1.224924e-04
-5.689999999999998e-01	-5.690000e-01	-3.000000e+00	5.370021e-07	1.173276e-04	-5.370021e-07	-1.173276e-04	1.178646e-04
-5.679999999999998e-01	-5.680000e-01	-3.000000e+00	5.166943e-07	1.128946e-04	-5.166943e-07	-1.128946e-04	1.134113e-04
-5.669999999999998e-01	-5.670000e-01	-3.000000e+00	4.971544e-07	1.086289e-04	-4.971544e-07	-1.086289e-04	1.091260e-04
-5.659999999999998e-01	-5.660000e-01	-3.000000e+00	4.783533e-07	1.045240e-04	-4.783533e-07	-1.045240e-04	1.050024e-04
-5.649999999999998e-01	-5.650000e-01	-3.000000e+00	4.602632e-07	1.005741e-04	-4.602632e-07	-1.005741e-04	1.010344e-04
-5.639999999999998e-01	-5.640000e-01	-3.000000e+00	4.428571e-07	9.677321e-05	-4.428571e-07	-9.677321e-05	9.721607e-05
-5.629999999999998e-01	-5.630000e-01	-3.000000e+00	4.261093e-07	9.311576e-05	-4.261093e-07	-9.311576e-05	9.354187e-05
-5.619999999999998e-01	-5.620000e-01	-3.000000e+00	4.099949e-07	8.959636e-05	-4.099949e-07	-8.959636e-05	9.000635e-05
-5.609999999999998e-01	-5.610000e-01	-3.000000e+00	3.944900e-07	8.620980e-05	-3.944900e-07	-8.620980e-05	8.660430e-05
-5.599999999999998e-01	-5.600000e-01	-3.000000e+00	3.795715e-07	8.295110e-05	-3.795715e-07	-8.295110e-05	8.333067e-05
-5.589999999999998e-01	-5.590000e-01	-3.000000e+00	3.652173e-07	7.981541e-05	-3.652173e-07	-7.981541e-05	8.018063e-05
-5.579999999999998e-01	-5.580000e-01	-3.000000e+00	3.514060e-07	7.679813e-05	-3.514060e-07	-7.679813e-05	7.714954e-05
-5.569999999999998e-01	-5.570000e-01	-3.000000e+00	3.381172e-07	7.389479e-05	-3.381172e-07	-7.389479e-05	7.423291e-05
-5.559999999999998e-01	-5.560000e-01	-3.000000e+00	3.253311e-07	7.110109e-05	-3.253311e-07	-7.110109e-05	7.142642e-05
-5.549999999999998e-01	-5.550000e-01	-3.000000e+00	3.130287e-07	6.841290e-05	-3.130287e-07	-6.841290e-05	6.872593e-05
-5.539999999999998e-01	-5.540000e-01	-3.000000e+00	3.011917e-07	6.582625e-05	-3.011917e-07	-6.582625e-05	6.612745e-05
-5.529999999999998e-01	-5.530000e-01	-3.000000e+00	2.898025e-07	6.333731e-05	-2.898025e-07	-6.333731e-05	6.362711e-05
-5.519999999999998e-01	-5.520000e-01	-3.000000e+00	2.788442e-07	6.094238e-05	-2.788442e-07	-6.094238e-05	6.122123e-05
-5.509999999999998e-01	-5.510000e-01	-3.000000e+00	2.683005e-07	5.863794e-05	-2.683005e-07	-5.863794e-05	5.890624e-05
-5.499999999999998e-01	-5.500000e-01	-3.000000e+00	2.581557e-07	5.642056e-05	-2.581557e-07	-5.642056e-05	5.667872e-05
-5.489999999999998e-01	-5.490000e-01	-3.000000e+00	2.483948e-07	5.428696e-05	-2.483948e-07	-5.428696e-05	5.453536e-05
-5.479999999999998e-01	-5.480000e-01	-3.000000e+00	2.390031e-07	5.223399e-05	-2.390031e-07	-5.223399e-05	5.247299e-05
-5.469999999999998e-01	-5.470000e-01	-3.000000e+00	2.299668e-07	5.025859e-05	-2.299668e-07	-5.025859e-05	5.048856e-05
-5.459999999999998e-01	-5.460000e-01	-3.000000e+00	2.212723e-07	4.835785e-05	-2.212723e-07	-4.835785e-05	4.857912e-05
-5.449999999999998e-01	-5.450000e-01	-3.000000e+00	2.129069e-07	4.652894e-05	-2.129069e-07	-4.652894e-05	4.674184e-05
-5.439999999999998e-01	-5.440000e-01	-3.000000e+00	2.048580e-07	4.476915e-05	-2.048580e-07	-4.476915e-05	4.497401e-05
-5.429999999999998e-01	-5.430000e-01	-3.000000e+00	1.971136e-07	4.307588e-05	-1.971136e-07	-4.307588e-05	4.327299e-05
-5.419999999999998e-01	-5.420000e-01	-3.000000e+00	1.896622e-07	4.144661e-05	-1.896622e-07	-4.144661e-05	4.163627e-05
-5.409999999999998e-01	-5.410000e-01	-3.000000e+00	1.824928e-07	3.987893e-05	-1.824928e-07	-3.987893e-05	4.006142e-05
-5.399999999999998e-01	-5.400000e-01	-3.000000e+00	1.755946e-07	3.837051e-05	-1.755946e-07	-3.837051e-05	3.854611e-05
-5.389999999999998e-01	-5.390000e-01	-3.000000e+00	1.689575e-07	3.691912e-05	-1.689575e-07	-3.691912e-05	3.708808e-05
-5.379999999999998e-01	-5.380000e-01	-3.000000e+00	1.625715e-07	3.552259e-05	-1.625715e-07	-3.552259e-05	3.568517e-05
-5.369999999999998e-01	-5.370000e-01	-3.000000e+00	1.564271e-07	3.417887e-05	-1.564271e-07	-3.417887e-05	3.433530e-05
-5.359999999999998e-01	-5.360000e-01	-3.000000e+00	1.505152e-07	3.288595e-05	-1.505152e-07	-3.288595e-05	3.303646e-05
-5.349999999999998e-01	-5.350000e-01	-3.000000e+00	1.448270e-07	3.164191e-05	-1.448270e-07	-3.164191e-05	3.178674e-05
-5.339999999999998e-01	-5.340000e-01	-3.000000e+00	1.393539e-07	3.044492e-05	-1.393539e-07	-3.044492e-05	3.058427e-05
-5.329999999999998e-01	-5.330000e-01	-3.000000e+00	1.340880e-07	2.929319e-05	-1.340880e-07	-2.929319e-05	2.942727e-05
-5.319999999999998e-01	-5.320000e-01	-3.000000e+00	1.290213e-07	2.818500e-05	-1.290213e-07	-2.818500e-05	2.831402e-05
-5.309999999999998e-01	-5.310000e-01	-3.000000e+00	1.241463e-07	2.711873e-05	-1.241463e-07	-2.711873e-05	2.724287e-05
-5.299999999999998e-01	-5.300000e-01	-3.000000e+00	1.194558e-07	2.609277e-05	-1.194558e-07	-2.609277e-05	2.621223e-05
-5.289999999999998e-01	-5.290000e-01	-3.000000e+00	1.149427e-07	2.510562e-05	-1.149427e-07	-2.510562e-05	2.522056e-05
-5.279999999999998e-01	-5.280000e-01	-3.000000e+00	1.106003e-07	2.415580e-05	-1.106003e-07	-2.415580e-05	2.426640e-05
-5.269999999999998e-01	-5.270000e-01	-3.000000e+00	1.064222e-07	2.324190e-05	-1.064222e-07	-2.324190e-05	2.334832e-05
-5.259999999999998e-01	-5.260000e-01	-3.000000e+00	1.024022e-07	2.236256e-05	-1.024022e-07	-2.236256e-05	2.246497e-05
-5.249999999999998e-01	-5.250000e-01	-3.000000e+00	9.853424e-08	2.151649e-05	-9.853424e-08	-2.151649e-05	2.161502e-05
-5.239999999999998e-01	-5.240000e-01	-3.000000e+00	9.481261e-08	2.070241e-05	-9.481261e-08	-2.070241e-05	2.079723e-05
-5.229999999999998e-01	-5.230000e-01	-3.000000e+00	9.123177e-08	1.991913e-05	-9.123177e-08	-1.991913e-05	2.001036e-05
-5.219999999999998e-01	-5.220000e-01	-3.000000e+00	8.778638e-08	1.916547e-05	-8.778638e-08	-1.916547e-05	1.925326e-05
-5.209999999999998e-01	-5.210000e-01	-3.000000e+00	8.447131e-08	1.844032e-05	-8.447131e-08	-1.844032e-05	1.852479e-05
-5.199999999999998e-01	-5.200000e-01	-3.000000e+00	8.128163e-08	1.774260e-05	-8.128163e-08	-1.774260e-05	1.782388e-05
-5.189999999999998e-01	-5.190000e-01	-3.000000e+00	7.821261e-08	1.707128e-05	-7.821261e-08	-1.707128e-05	1.714949e-05
-5.179999999999998e-01	-5.180000e-01	-3.000000e+00	7.525966e-08	1.642534e-05	-7.525966e-08	-1.642534e-05	1.650060e-05
-5.169999999999998e-01	-5.170000e-01	-3.000000e+00	7.241839e-08	1.580385e-05	-7.241839e-08	-1.580385e-05	1.587626e-05
-5.159999999999998e-01	-5.160000e-01	-3.000000e+00	6.968457e-08	1.520586e-05	-6.968457e-08	-1.520586e-05	1.527554e-05
-5.149999999999998e-01	-5.150000e-01	-3.000000e+00	6.705415e-08	1.463049e-05	-6.705415e-08	-1.463049e-05	1.469755e-05
-5.139999999999998e-01	-5.140000e-01	-3.000000e+00	6.452320e-08	1.407689e-05	-6.452320e-08	-1.407689e-05	1.414142e-05
-5.129999999999998e-01	-5.130000e-01	-3.000000e+00	6.208796e-08	1.354424e-05	-6.208796e-08	-1.354424e-05	1.360633e-05
-5.119999999999998e-01	-5.120000e-01	-3.000000e+00	5.974480e-08	1.303173e-05	-5.974480e-08	-1.303173e-05	1.309148e-05
-5.109999999999998e-01	-5.110000e-01	-3.000000e+00	5.749024e-08	1.253862e-05	-5.749024e-08	-1.253862e-05	1.259611e-05
-5.099999999999998e-01	-5.100000e-01	-3.000000e+00	5.532094e-08	1.206416e-05	-5.532094e-08	-1.206416e-05	1.211948e-05
-5.089999999999998e-01	-5.090000e-01	-3.000000e+00	5.323365e-08	1.160765e-05	-5.323365e-08	-1.160765e-05	1.166088e-05
-5.079999999999998e-01	-5.080000e-01	-3.000000e+00	5.122527e-08	1.116841e-05	-5.122527e-08	-1.116841e-05	1.121964e-05
-5.069999999999998e-01	-5.070000e-01	-3.000000e+00	4.929282e-08	1.074579e-05	-4.929282e-08	-1.074579e-05	1.079508e-05
-5.059999999999998e-01	-5.060000e-01	-3.000000e+00	4.743342e-08	1.033916e-05	-4.743342e-08	-1.033916e-05	1.038660e-05
-5.049999999999998e-01	-5.050000e-01	-3.000000e+00	4.564432e-08	9.947917e-06	-4.564432e-08	-9.947917e-06	9.993561e-06
-5.039999999999998e-01	-5.040000e-01	-3.000000e+00	4.392284e-08	9.571475e-06	-4.392284e-08	-9.571475e-06	9.615398e-06
-5.029999999999998e-01	-5.030000e-01	-3.000000e+00	4.226643e-08	9.209276e-06	-4.226643e-08	-9.209276e-06	9.251543e-06
-5.019999999999998e-01	-5.020000e-01	-3.000000e+00	4.067262e-08	8.860781e-06	-4.067262e-08	-8.860781e-06	8.901454e-06
-5.009999999999998e-01	-5.010000e-01	-3.000000e+00	3.913905e-08	8.525473e-06	-3.913905e-08	-8.525473e-06	8.564612e-06
-4.999999999999998e-01	-5.000000e-01	-3.000000e+00	3.766343e-08	8.202852e-06	-3.766343e-08	-8.202852e-06	8.240515e-06
-4.989999999999998e-01	-4.990000e-01	-3.000000e+00	3.624358e-08	7.892438e-06	-3.624358e-08	-7.892438e-06	7.928681e-06
-4.979999999999998e-01	-4.980000e-01	-3.000000e+00	3.487737e-08	7.593769e-06	-3.487737e-08	-7.593769e-06	7.628646e-06
-4.969999999999998e-01	-4.970000e-01	-3.000000e+00	3.356279e-08	7.306402e-06	-3.356279e-08	-7.306402e-06	7.339964e-06
-4.959999999999998e-01	-4.960000e-01	-3.000000e+00	3.229788e-08	7.029907e-06	-3.229788e-08	-7.029907e-06	7.062205e-06
-4.949999999999998e-01	-4.950000e-01	-3.000000e+00	3.108075e-08	6.763876e-06	-3.108075e-08	-6.763876e-06	6.794956e-06
-4.939999999999998e-01	-4.940000e-01	-3.000000e+00	2.990960e-08	6.507910e-06	-2.990960e-08	-6.507910e-06	6.537820e-06
-4.929999999999998e-01	-4.930000e-01	-3.000000e+00	2.878270e-08	6.261631e-06	-2.878270e-08	-6.261631e-06	6.290413e-06
-4.919999999999998e-01	-4.920000e-01	-3.000000e+00	2.769835e-08	6.024670e-06	-2.769835e-08	-6.024670e-06	6.052368e-06
-4.909999999999998e-01	-4.910000e-01	-3.000000e+00	2.665497e-08	5.796676e-06	-2.665497e-08	-5.796676e-06	5.823331e-06
-4.899999999999998e-01	-4.900000e-01	-3.000000e+00	2.565098e-08	5.577310e-06	-2.565098e-08	-5.577310e-06	5.602961e-06
-4.889999999999998e-01	-4.890000e-01	-3.000000e+00	2.468491e-08	5.366244e-06	-2.468491e-08	-5.366244e-06	5.390929e-06
-4.879999999999998e-01	-4.880000e-01	-3.000000e+00	2.375532e-08	5.163165e-06	-2.375532e-08	-5.163165e-06	5.186921e-06
-4.869999999999998e-01	-4.870000e-01	-3.000000e+00	2.286083e-08	4.967771e-06	-2.286083e-08	-4.967771e-06	4.990632e-06
-4.859999999999998e-01	-4.860000e-01	-3.000000e+00	2.200011e-08	4.779772e-06	-2.200011e-08	-4.779772e-06	4.801771e-06
-4.849999999999998e-01	-4.850000e-01	-3.000000e+00	2.117189e-08	4.598885e-06	-2.117189e-08	-4.598885e-06	4.620058e-06
-4.839999999999998e-01	-4.840000e-01	-3.000000e+00	2.037492e-08	4.424845e-06	-2.037492e-08	-4.424845e-06	4.445219e-06
-4.829999999999998e-01	-4.830000e-01	-3.000000e+00	1.960804e-08	4.257390e-06	-1.960804e-08	-4.257390e-06	4.276998e-06
-4.819999999999998e-01	-4.820000e-01	-3.000000e+00	1.887010e-08	4.096272e-06	-1.887010e-08	-4.096272e-06	4.115142e-06
-4.809999999999998e-01	-4.810000e-01	-3.000000e+00	1.816002e-08	3.941251e-06	-1.816002e-08	-3.941251e-06	3.959411e-06
-4.799999999999998e-01	-4.800000e-01	-3.000000e+00	1.747672e-08	3.792097e-06	-1.747672e-08	-3.792097e-06	3.809573e-06
-4.789999999999998e-01	-4.790000e-01	-3.000000e+00	1.681921e-08	3.648586e-06	-1.681921e-08	-3.648586e-06	3.665406e-06
-4.779999999999998e-01	-4.780000e-01	-3.000000e+00	1.618650e-08	3.510507e-06	-1.618650e-08	-3.510507e-06	3.526694e-06
-4.769999999999998e-01	-4.770000e-01	-3.000000e+00	1.557767e-08	3.377653e-06	-1.557767e-08	-3.377653e-06	3.393231e-06
-4.759999999999998e-01	-4.760000e-01	-3.000000e+00	1.499179e-08	3.249827e-06	-1.499179e-08	-3.249827e-06	3.264819e-06
-4.749999999999998e-01	-4.750000e-01	-3.000000e+00	1.442802e-08	3.126838e-06	-1.442802e-08	-3.126838e-06	3.141266e-06
-4.739999999999998e-01	-4.740000e-01	-3.000000e+00	1.388551e-08	3.008503e-06	-1.388551e-08	-3.008503e-06	3.022389e-06
-4.729999999999998e-01	-4.730000e-01	-3.000000e+00	1.336345e-08	2.894647e-06	-1.336345e-08	-2.894647e-06	2.908010e-06
-4.719999999999998e-01	-4.720000e-01	-3.000000e+00	1.286108e-08	2.785099e-06	-1.286108e-08	-2.785099e-06	2.797960e-06
-4.709999999999998e-01	-4.710000e-01	-3.000000e+00	1.237765e-08	2.679697e-06	-1.237765e-08	-2.679697e-06	2.692075e-06
-4.699999999999998e-01	-4.700000e-01	-3.000000e+00	1.191244e-08	2.578284e-06	-1.191244e-08	-2.578284e-06	2.590196e-06
-4.689999999999998e-01	-4.690000e-01	-3.000000e+00	1.146477e-08	2.480708e-06	-1.146477e-08	-2.480708e-06	2.492173e-06
-4.679999999999997e-01	-4.680000e-01	-3.000000e+00	1.103397e-08	2.386826e-06	-1.103397e-08	-2.386826e-06	2.397860e-06
-4.669999999999997e-01	-4.670000e-01	-3.000000e+00	1.061940e-08	2.296496e-06	-1.061940e-08	-2.296496e-06	2.307115e-06
-4.659999999999997e-01	-4.660000e-01	-3.000000e+00	1.022045e-08	2.209585e-06	-1.022045e-08	-2.209585e-06	2.219805e-06
-4.649999999999997e-01	-4.650000e-01	-3.000000e+00	9.836534e-09	2.125963e-06	-9.836534e-09	-2.125963e-06	2.135799e-06
-4.639999999999997e-01	-4.640000e-01	-3.000000e+00	9.467080e-09	2.045505e-06	-9.467080e-09	-2.045505e-06	2.054972e-06
-4.629999999999997e-01	-4.630000e-01	-3.000000e+00	9.111540e-09	1.968092e-06	-9.111540e-09	-1.968092e-06	1.977204e-06
-4.619999999999997e-01	-4.620000e-01	-3.000000e+00	8.769390e-09	1.893609e-06	-8.769390e-09	-1.893609e-06	1.902379e-06
-4.609999999999997e-01	-4.610000e-01	-3.000000e+00	8.440123e-09	1.821945e-06	-8.440123e-09	-1.821945e-06	1.830385e-06
-4.599999999999997e-01	-4.600000e-01	-3.000000e+00	8.123253e-09	1.752993e-06	-8.123253e-09	-1.752993e-06	1.761116e-06
-4.589999999999997e-01	-4.590000e-01	-3.000000e+00	7.818312e-09	1.686650e-06	-7.818312e-09	-1.686650e-06	1.694469e-06
-4.579999999999997e-01	-4.580000e-01	-3.000000e+00	7.524848e-09	1.622819e-06	-7.524848e-09	-1.622819e-06	1.630343e-06
-4.569999999999997e-01	-4.570000e-01	-3.000000e+00	7.242428e-09	1.561402e-06	-7.242428e-09	-1.561402e-06	1.568645e-06
-4.559999999999997e-01	-4.560000e-01	-3.000000e+00	6.970636e-09	1.502311e-06	-6.970636e-09	-1.502311e-06	1.509281e-06
-4.549999999999997e-01	-4.550000e-01	-3.000000e+00	6.709068e-09	1.445455e-06	-6.709068e-09	-1.445455e-06	1.452164e-06
-4.539999999999997e-01	-4.540000e-01	-3.000000e+00	6.457340e-09	1.390751e-06	-6.457340e-09	-1.390751e-06	1.397209e-06
-4.529999999999997e-01	-4.530000e-01	-3.000000e+00	6.215080e-09	1.338118e-06	-6.215080e-09	-1.338118e-06	1.344333e-06
-4.519999999999997e-01	-4.520000e-01	-3.000000e+00	5.981930e-09	1.287476e-06	-5.981930e-09	-1.287476e-06	1.293458e-06
-4.509999999999997e-01	-4.510000e-01	-3.000000e+00	5.757546e-09	1.238751e-06	-5.757546e-09	-1.238751e-06	1.244509e-06
-4.499999999999997e-01	-4.500000e-01	-3.000000e+00	5.541597e-09	1.191870e-06	-5.541597e-09	-1.191870e-06	1.197412e-06
-4.489999999999997e-01	-4.490000e-01	-3.000000e+00	5.333765e-09	1.146764e-06	-5.333765e-09	-1.146764e-06	1.152098e-06
-4.479999999999997e-01	-4.480000e-01	-3.000000e+00	5.133744e-09	1.103364e-06	-5.133744e-09	-1.103364e-06	1.108498e-06
-4.469999999999997e-01	-4.470000e-01	-3.000000e+00	4.941237e-09	1.061607e-06	-4.941237e-09	-1.061607e-06	1.066548e-06
-4.459999999999997e-01	-4.460000e-01	-3.000000e+00	4.755963e-09	1.021430e-06	-4.755963e-09	-1.021430e-06	1.026186e-06
-4.449999999999997e-01	-4.450000e-01	-3.000000e+00	4.577647e-09	9.827739e-07	-4.577647e-09	-9.827739e-07	9.873517e-07
-4.439999999999997e-01	-4.440000e-01	-3.000000e+00	4.406028e-09	9.455807e-07	-4.406028e-09	-9.455807e-07	9.499867e-07
-4.429999999999997e-01	-4.430000e-01	-3.000000e+00	4.240852e-09	9.097950e-07	-4.240852e-09	-9.097950e-07	9.140359e-07
-4.419999999999997e-01	-4.420000e-01	-3.000000e+00	4.081877e-09	8.753637e-07	-4.081877e-09	-8.753637e-07	8.794456e-07
-4.409999999999997e-01	-4.410000e-01	-3.000000e+00	3.928868e-09	8.422355e-07	-3.928868e-09	-8.422355e-07	8.461643e-07
-4.399999999999997e-01	-4.400000e-01	-3.000000e+00	3.781601e-09	8.103610e-07	-3.781601e-09	-8.103610e-07	8.141426e-07
-4.389999999999997e-01	-4.390000e-01	-3.000000e+00	3.639858e-09	7.796929e-07	-3.639858e-09	-7.796929e-07	7.833327e-07
-4.379999999999997e-01	-4.380000e-01	-3.000000e+00	3.503432e-09	7.501854e-07	-3.503432e-09	-7.501854e-07	7.536889e-07
-4.369999999999997e-01	-4.370000e-01	-3.000000e+00	3.372122e-09	7.217947e-07	-3.372122e-09	-7.217947e-07	7.251668e-07
-4.359999999999997e-01	-4.360000e-01	-3.000000e+00	3.245736e-09	6.944785e-07	-3.245736e-09	-6.944785e-07	6.977242e-07
-4.349999999999997e-01	-4.350000e-01	-3.000000e+00	3.124086e-09	6.681961e-07	-3.124086e-09	-6.681961e-07	6.713202e-07
-4.339999999999997e-01	-4.340000e-01	-3.000000e+00	3.006996e-09	6.429083e-07	-3.006996e-09	-6.429083e-07	6.459153e-07
-4.329999999999997e-01	-4.330000e-01	-3.000000e+00	2.894293e-09	6.185777e-07	-2.894293e-09	-6.185777e-07	6.214720e-07
-4.319999999999997e-01	-4.320000e-01	-3.000000e+00	2.785811e-09	5.951678e-07	-2.785811e-09	-5.951678e-07	5.979537e-07
-4.309999999999997e-01	-4.310000e-01	-3.000000e+00	2.681392e-09	5.726440e-07	-2.681392e-09	-5.726440e-07	5.753254e-07
-4.299999999999997e-01	-4.300000e-01	-3.000000e+00	2.580882e-09	5.509726e-07	-2.580882e-09	-5.509726e-07	5.535534e-07
-4.289999999999997e-01	-4.290000e-01	-3.000000e+00	2.484135e-09	5.301213e-07	-2.484135e-09	-5.301213e-07	5.326055e-07
-4.279999999999997e-01	-4.280000e-01	-3.000000e+00	2.391008e-09	5.100592e-07	-2.391008e-09	-5.100592e-07	5.124502e-07
-4.269999999999997e-01	-4.270000e-01	-3.000000e+00	2.301365e-09	4.907565e-07	-2.301365e-09	-4.907565e-07	4.930578e-07
-4.259999999999997e-01	-4.260000e-01	-3.000000e+00	2.215075e-09	4.721842e-07	-2.215075e-09	-4.721842e-07	4.743993e-07
-4.249999999999997e-01	-4.250000e-01	-3.000000e+00	2.132012e-09	4.543149e-07	-2.132012e-09	-4.543149e-07	4.564469e-07
-4.239999999999997e-01	-4.240000e-01	-3.000000e+00	2.052054e-09	4.371218e-07	-2.052054e-09	-4.371218e-07	4.391738e-07
-4.229999999999997e-01	-4.230000e-01	-3.000000e+00	1.975084e-09	4.205794e-07	-1.975084e-09	-4.205794e-07	4.225545e-07
-4.219999999999997e-01	-4.220000e-01	-3.000000e+00	1.900990e-09	4.046631e-07	-1.900990e-09	-4.046631e-07	4.065641e-07
-4.209999999999997e-01	-4.210000e-01	-3.000000e+00	1.829664e-09	3.893492e-07	-1.829664e-09	-3.893492e-07	3.911789e-07
-4.199999999999997e-01	-4.200000e-01	-3.000000e+00	1.761000e-09	3.746149e-07	-1.761000e-09	-3.746149e-07	3.763759e-07
-4.189999999999997e-01	-4.190000e-01	-3.000000e+00	1.694901e-09	3.604382e-07	-1.694901e-09	-3.604382e-07	3.621331e-07
-4.179999999999997e-01	-4.180000e-01	-3.000000e+00	1.631267e-09	3.467981e-07	-1.631267e-09	-3.467981e-07	3.484294e-07
-4.169999999999997e-01	-4.170000e-01	-3.000000e+00	1.570008e-09	3.336742e-07	-1.570008e-09	-3.336742e-07	3.352442e-07
-4.159999999999997e-01	-4.160000e-01	-3.000000e+00	1.511033e-09	3.210470e-07	-1.511033e-09	-3.210470e-07	3.225580e-07
-4.149999999999997e-01	-4.150000e-01	-3.000000e+00	1.454257e-09	3.088977e-07	-1.454257e-09	-3.088977e-07	3.103519e-07
-4.139999999999997e-01	-4.140000e-01	-3.000000e+00	1.399598e-09	2.972081e-07	-1.399598e-09	-2.972081e-07	2.986077e-07
-4.129999999999997e-01	-4.130000e-01	-3.000000e+00	1.346975e-09	2.859611e-07	-1.346975e-09	-2.859611e-07	2.873080e-07
-4.119999999999997e-01	-4.120000e-01	-3.000000e+00	1.296311e-09	2.751397e-07	-1.296311e-09	-2.751397e-07	2.764360e-07
-4.109999999999997e-01	-4.110000e-01	-3.000000e+00	1.247535e-09	2.647278e-07	-1.247535e-09	-2.647278e-07	2.659753e-07
-4.099999999999997e-01	-4.100000e-01	-3.000000e+00	1.200573e-09	2.547100e-07	-1.200573e-09	-2.547100e-07	2.559106e-07
-4.089999999999997e-01	-4.090000e-01	-3.000000e+00	1.155359e-09	2.450713e-07	-1.155359e-09	-2.450713e-07	2.462267e-07
-4.079999999999997e-01	-4.080000e-01	-3.000000e+00	1.111827e-09	2.357975e-07	-1.111827e-09	-2.357975e-07	2.369093e-07
-4.069999999999997e-01	-4.070000e-01	-3.000000e+00	1.069913e-09	2.268746e-07	-1.069913e-09	-2.268746e-07	2.279445e-07
-4.059999999999997e-01	-4.060000e-01	-3.000000e+00	1.029557e-09	2.182894e-07	-1.029557e-09	-2.182894e-07	2.193190e-07
-4.049999999999997e-01	-4.050000e-01	-3.000000e+00	9.907006e-10	2.100292e-07	-9.907006e-10	-2.100292e-07	2.110199e-07
-4.039999999999997e-01	-4.040000e-01	-3.000000e+00	9.532870e-10	2.020816e-07	-9.532871e-10	-2.020816e-07	2.030348e-07
-4.029999999999997e-01	-4.030000e-01	-3.000000e+00	9.172623e-10	1.944347e-07	-9.172623e-10	-1.944347e-07	1.953520e-07
-4.019999999999997e-01	-4.020000e-01	-3.000000e+00	8.825745e-10	1.870773e-07	-8.825745e-10	-1.870773e-07	1.879599e-07
-4.009999999999997e-01	-4.010000e-01	-3.000000e+00	8.491732e-10	1.799983e-07	-8.491732e-10	-1.799983e-07	1.808475e-07
-4.000000000000000e-01	-4.000000e-01	-3.000000e+00	8.170103e-10	1.731873e-07	-8.170103e-10	-1.731873e-07	1.740043e-07
